tiff1/201210232044-2.bin-10.tiff
3 337 926
3 200 967
3 663 742
3 1308 650
3 556 993
3 237 894
3 197 947
3 572 820
3 1303 778
3 528 1013
3 524 990
3 202 823
3 422 773
3 1324 774
3 1157 730
3 490 984
3 187 820
3 588 993
3 1010 915
3 352 1009
3 455 1004
3 147 827
3 367 833
3 1063 913
3 189 681
3 394 959
3 164 813
3 202 793
3 1123 1002
3 158 681
3 297 966
3 124 696
3 218 803
3 1071 1109
3 128 712
3 237 1015
3 569 1035
3 552 1048
3 111 993
3 270 816
3 889 1101
3 1313 626
3 537 1032
4 193 610
4 162 704
4 189 767
4 440 835
4 405 656
4 597 782
4 681 735
4 337 764
4 1336 825
4 839 638
4 1289 799
4 973 727
4 1214 754
4 1101 616
4 146 691
4 393 1023
4 1146 842
4 1034 899
4 598 1081
4 168 638
4 233 787
4 414 845
4 446 661
4 678 834
4 625 752
4 372 859
4 1238 964
4 918 666
4 1300 822
4 953 786
4 991 658
4 1169 623
4 121 631
4 437 760
4 1008 799
4 1434 884
4 1441 792
4 309 769
4 386 769
4 353 840
4 458 772
4 506 848
4 540 810
4 714 831
4 1271 1016
4 932 804
4 1386 848
4 1019 715
4 803 624
4 1184 608
4 1192 724
4 468 668
4 1158 701
4 1496 823
4 603 838
4 314 731
4 327 743
4 287 951
4 528 733
4 521 657
4 381 630
4 754 785
4 1192 1011
4 1013 887
4 1479 1091
4 1064 720
4 781 663
4 1237 667
4 1231 707
4 210 948
4 875 717
4 1513 795
4 300 627
4 353 701
4 490 1057
4 461 746
4 503 625
4 556 654
4 808 780
4 1100 1110
4 1072 800
4 859 805
4 986 758
4 881 645
4 1517 679
4 776 743
4 180 955
4 549 1034
4 1431 766
4 344 634
4 195 696
4 453 1046
4 423 727
4 493 610
4 618 634
4 723 727
4 929 942
4 1059 835
4 759 812
4 995 762
4 892 653
4 1489 628
4 1505 759
4 344 861
4 610 1011
4 1200 607
4 331 628
4 244 644
4 195 1102
4 404 715
4 479 608
4 657 677
4 710 730
4 881 943
4 1125 820
4 693 649
4 1327 746
4 876 700
4 1419 678
4 1194 659
4 168 672
4 709 656
4 1218 609
4 201 614
4 225 648
4 151 772
4 455 863
4 461 630
4 644 670
4 680 720
4 592 642
4 1173 830
4 850 645
4 1271 786
4 891 717
4 1366 740
4 1132 620
4 1238 629
4 183 665
4 417 1009
4 1246 826
4 1224 1041
5 667 693
5 1437 645
5 785 830
5 1370 765
5 699 898
5 1466 742
5 726 985
5 1455 839
5 761 1088
5 1432 934
5 860 1048
5 1321 840
5 895 986
5 1445 991
5 820 763
5 1358 1080
5 902 891
5 1150 1103
5 799 697
5 267 994
5 799 679
5 132 677
5 907 754
5 212 656
5 909 681
5 263 726
5 871 619
5 314 666
5 941 629
5 148 795
5 994 619
5 320 864
5 984 695
5 360 717
5 1043 639
5 195 839
5 1032 750
5 159 935
5 1086 666
5 286 1072
5 1116 670
5 431 1070
5 1133 683
5 404 680
5 1142 604
5 459 678
5 1184 634
5 484 796
5 1161 766
5 492 864
5 1237 772
5 385 895
5 1282 748
5 359 920
5 1167 891
5 535 660
5 1031 935
5 568 605
5 1261 674
5 616 695
5 1294 625
5 581 871
5 1320 693
5 639 605
5 1329 619
5 723 630
5 1417 642
5 740 672
5 1358 696
5 688 697
5 1424 609
5 654 863
5 1517 660
5 652 703
5 1448 655
5 754 829
5 1375 779
5 709 864
5 1457 721
5 697 969
5 968 741
5 724 1099
5 1474 937
5 843 1063
5 1341 900
5 924 990
5 986 968
5 799 718
5 1330 1028
5 896 929
5 1175 1089
5 836 701
5 1499 1109
5 800 657
5 164 654
5 878 808
5 151 727
5 865 658
5 261 705
5 838 615
5 321 693
5 934 644
5 116 771
5 979 622
5 311 844
5 971 697
5 353 730
5 1035 648
5 193 856
5 1022 770
5 234 939
5 1088 620
5 279 1085
5 1103 662
5 402 1084
5 1114 753
5 394 667
5 1164 607
5 474 650
5 1196 613
5 492 755
5 1156 779
5 498 875
5 1221 779
5 555 707
5 1269 769
5 373 923
5 1213 916
5 548 689
5 1061 884
5 560 613
5 1245 684
5 602 701
5 1272 607
5 606 827
5 1312 709
5 643 614
5 1324 633
5 700 607
5 1394 620
5 748 659
5 1367 683
5 698 702
5 1430 619
5 643 869
5 1519 626
5 1449 668
5 769 676
5 1398 776
5 732 898
5 1498 780
5 692 979
5 1338 808
5 678 1088
5 1493 906
5 833 1075
5 691 807
5 1384 942
5 954 997
5 1021 973
5 790 727
5 1356 1019
5 851 959
5 1177 1032
5 851 717
5 1340 964
5 766 605
5 155 645
5 888 773
5 190 715
5 870 681
5 272 687
5 964 713
5 322 707
5 928 609
5 129 752
5 988 646
5 308 824
5 1016 697
5 366 748
5 1060 651
5 128 855
5 1000 777
5 241 921
5 1076 603
5 218 1034
5 1107 684
5 384 1086
5 1122 734
5 399 647
5 1120 611
5 491 638
5 1208 625
5 483 762
5 851 629
5 477 885
5 1206 795
5 548 720
5 1246 742
5 368 1006
5 1249 882
5 547 671
5 981 888
5 564 626
5 1255 661
5 603 741
5 1265 623
5 608 805
5 1292 718
5 650 643
5 1319 654
5 693 628
5 1382 615
5 733 608
5 1364 672
5 677 682
5 1304 613
5 630 875
5 1483 613
5 729 810
5 1472 671
5 762 689
5 1391 760
5 740 911
5 1514 740
5 666 969
5 1359 846
5 679 1046
5 1520 909
5 817 1029
5 1383 914
5 957 1025
5 1255 950
5 769 751
5 1401 998
5 846 919
5 1104 985
5 834 728
5 990 1026
5 758 615
5 170 613
5 876 756
5 212 625
5 891 689
5 284 652
5 949 700
5 300 699
5 923 630
5 175 762
5 959 674
5 284 826
5 1001 667
5 370 779
5 1050 674
5 123 908
5 1065 609
5 298 912
5 1057 823
5 224 1056
5 1097 686
5 361 1068
5 1127 703
5 411 638
5 1086 639
5 456 616
5 1203 634
5 480 667
5 1170 739
5 446 846
5 1200 857
5 561 747
5 1257 757
5 402 924
5 1269 853
5 554 1046
5 1016 847
5 554 622
5 1235 637
5 586 685
5 1247 611
5 602 760
5 1301 703
5 641 631
5 1343 655
5 682 616
5 1390 636
5 744 625
5 1369 656
5 674 667
5 1394 736
5 640 1078
5 1471 607
5 728 770
5 1459 681
5 748 691
5 1425 726
5 790 893
5 1497 723
5 663 983
5 1379 834
5 726 927
5 1515 932
5 773 1045
5 1383 874
5 926 1031
5 1294 937
5 758 768
5 880 690
5 1479 1054
5 819 953
5 1111 975
5 845 740
5 1017 1033
5 808 608
5 145 621
5 846 680
5 243 661
5 887 705
5 291 639
5 946 679
5 272 761
5 907 636
5 179 775
5 950 653
5 276 849
5 1011 660
5 350 785
5 1033 695
5 367 629
5 1051 621
5 292 927
5 1078 779
5 123 1094
5 1092 704
5 262 1019
5 1119 717
5 392 634
5 1118 638
5 385 603
5 1210 645
5 504 667
5 1186 713
5 481 855
5 1192 826
5 545 768
5 1245 726
5 548 921
5 1241 838
5 439 1126
5 1003 858
5 514 603
5 1145 853
5 590 657
5 1255 636
5 628 713
5 1298 685
5 618 617
5 1336 668
5 671 607
5 1365 611
5 735 631
5 1382 666
5 672 651
5 1392 720
5 644 1048
5 1468 627
5 712 788
5 753 703
5 1432 738
5 767 893
5 1434 778
5 635 949
5 1391 821
5 763 954
5 1519 863
5 708 1076
5 1415 904
5 956 1089
5 1296 889
5 780 793
5 1430 1025
5 825 993
5 1137 981
5 850 776
5 1045 1000
5 788 611
5 198 707
5 136 633
5 827 690
5 220 675
5 953 730
5 305 611
5 940 692
5 291 734
5 889 608
5 239 775
5 962 638
5 240 832
5 1012 645
5 328 795
5 989 721
5 352 642
5 1053 629
5 264 929
5 1088 755
5 108 1011
5 1084 718
5 288 1053
5 1106 730
5 412 622
5 1152 651
5 413 606
5 1201 667
5 499 687
5 1198 698
5 390 853
5 1187 806
5 522 777
5 1212 734
5 437 882
5 1300 802
5 537 1110
5 1081 854
5 523 619
5 1158 850
5 582 667
5 1282 667
5 631 667
5 1311 671
5 592 615
5 1326 680
5 678 631
5 1356 636
5 705 635
5 1396 665
5 653 656
5 1398 701
5 611 1041
5 1454 624
5 676 784
5 1496 685
5 725 710
5 1465 705
5 774 869
5 1427 757
5 651 897
5 1411 804
5 730 1016
5 1503 882
5 780 1060
5 1455 887
5 937 1097
5 1314 874
5 791 851
5 1491 1007
5 811 801
5 1247 1050
5 812 944
5 1058 1025
5 774 628
5 1443 1128
5 529 1054
5 830 676
5 196 647
5 943 789
5 252 628
5 936 707
5 264 745
5 898 617
5 260 796
5 950 604
5 212 814
5 1018 616
5 345 851
5 997 732
5 368 658
5 1036 609
5 270 911
5 1076 745
5 159 1027
5 1070 665
5 320 1086
5 1106 699
5 427 610
5 1152 666
5 450 633
5 1182 680
5 451 698
5 1225 691
5 399 745
5 1123 790
5 529 797
5 1193 753
5 425 911
5 1287 765
5 468 1059
5 1090 872
5 535 623
5 1151 868
5 574 678
5 1282 686
5 608 649
5 1296 660
5 587 628
5 1341 709
5 666 623
5 1371 620
5 708 644
5 1416 664
5 710 676
5 1375 708
5 701 664
5 1445 602
5 674 814
5 1487 677
5 742 721
5 1445 706
5 748 859
5 1341 768
5 676 894
5 1517 709
5 736 987
5 1407 854
5 748 1073
5 1448 904
5 879 1061
5 1315 857
5 814 879
5 1522 988
5 826 748
5 1262 1075
5 840 837
5 1132 1062
5 791 671
5 233 803
5 813 682
5 106 668
5 945 753
5 221 614
5 919 704
5 241 733
5 890 629
5 281 782
5 949 620
5 188 801
5 1012 602
5 323 878
5 1003 714
5 370 691
5 1032 621
5 198 831
5 1060 749
5 148 1023
5 1070 684
5 306 1083
5 1125 658
5 514 1100
5 1141 675
5 428 645
5 1180 661
5 468 690
5 1212 681
5 441 775
5 1163 750
5 542 826
5 1228 756
5 402 903
5 1294 743
5 453 948
5 1136 883
5 536 636
5 1126 916
5 573 643
5 1266 699
5 610 677
5 1295 641
5 608 867
5 1330 725
5 653 604
5 1347 615
5 706 625
5 1408 648
5 732 681
5 1352 682
5 690 670
5 1437 610
5 645 835
5 1492 655
6 612 936
6 741 645
6 646 975
6 1308 903
6 187 707
6 253 1073
6 630 919
6 792 644
6 454 717
6 1478 774
6 649 764
6 1233 715
6 371 607
6 1344 833
6 159 857
6 1428 632
6 146 713
6 1463 758
6 320 1053
6 1241 805
6 109 656
6 1410 753
6 359 1055
6 872 861
6 441 972
6 1002 814
6 328 986
6 1365 984
6 825 833
6 1000 827
6 139 964
6 1341 641
6 996 834
tiff1/201210232044-2.bin-11.tiff
3 134 711
3 270 820
3 426 774
3 1003 911
3 528 1013
3 125 697
3 221 804
3 374 833
3 1122 1004
3 489 986
3 206 794
3 667 744
3 1073 1109
3 1306 780
3 455 1004
3 187 822
3 577 822
3 890 1102
3 1326 775
3 394 958
3 169 817
3 111 995
3 588 993
3 1159 729
3 297 967
3 153 828
3 200 969
3 524 989
3 1316 626
3 237 1016
3 537 1034
3 160 680
3 196 947
3 352 1010
3 1310 650
3 555 992
3 193 681
3 236 893
3 337 927
3 1057 910
3 570 1034
4 935 942
4 396 1023
4 1293 798
4 171 671
4 155 773
4 318 733
4 448 664
4 465 746
4 444 836
4 695 649
4 813 783
4 894 720
4 957 785
4 1130 824
4 1075 648
4 1218 754
4 1188 608
4 1505 759
4 1099 1112
4 417 1010
4 189 665
4 238 786
4 347 638
4 384 631
4 427 730
4 460 865
4 659 678
4 757 787
4 877 716
4 939 803
4 1075 801
4 1104 617
4 1274 785
4 1516 795
4 1236 965
4 550 1034
4 206 616
4 193 769
4 334 629
4 410 658
4 558 653
4 375 860
4 645 671
4 727 727
4 881 701
4 1022 716
4 1153 842
4 1387 850
4 1444 794
4 1492 627
4 1193 1012
4 451 1050
4 1241 629
4 198 610
4 247 645
4 303 628
4 358 702
4 524 659
4 418 846
4 630 752
4 714 731
4 921 667
4 608 837
4 1067 721
4 1162 701
4 1339 824
4 1431 766
4 1421 678
4 1224 1037
4 492 1059
4 1240 667
4 170 638
4 229 648
4 350 861
4 410 719
4 506 625
4 359 841
4 601 781
4 619 635
4 884 645
4 681 833
4 996 659
4 1178 828
4 1305 822
4 1367 740
4 1171 622
4 598 1080
4 1222 667
4 123 603
4 199 697
4 288 953
4 342 766
4 496 611
4 390 773
4 533 734
4 596 643
4 853 645
4 718 830
4 1010 801
4 1142 765
4 1250 826
4 1329 746
4 1136 624
4 1271 1016
4 611 1009
4 1477 1092
4 1489 749
4 126 631
4 150 693
4 195 1103
4 314 771
4 483 610
4 463 772
4 545 811
4 686 721
4 842 639
4 864 807
4 999 764
4 978 728
4 1041 897
4 1235 707
4 1220 610
4 1438 883
4 887 944
4 181 954
4 166 706
4 211 948
4 329 743
4 465 633
4 441 760
4 509 848
4 685 733
4 783 664
4 762 812
4 990 757
4 1018 888
4 1065 835
4 1196 726
4 1202 609
4 1499 825
5 818 877
5 1477 672
5 724 926
5 1400 700
5 292 927
5 1403 778
5 770 668
5 108 1013
5 1304 889
5 307 1084
5 1460 887
5 471 1053
5 811 675
5 359 920
5 679 1088
5 854 629
5 667 968
5 860 1049
5 957 1026
5 111 668
5 1039 935
5 216 658
5 1151 1102
5 330 708
5 1444 1130
5 277 763
5 1088 854
5 120 776
5 1342 964
5 240 832
5 922 615
5 360 730
5 998 619
5 402 646
5 1088 640
5 454 635
5 963 674
5 507 670
5 995 718
5 318 863
5 1073 663
5 549 771
5 1083 780
5 517 603
5 1111 698
5 592 657
5 1138 686
5 1157 668
5 646 613
5 1197 754
5 693 696
5 1218 644
5 1201 698
5 712 646
5 607 700
5 949 753
5 650 836
5 1233 757
5 735 770
5 1240 653
5 714 676
5 1287 668
5 541 624
5 737 608
5 1277 609
5 1305 801
5 776 626
5 1364 696
5 459 617
5 804 698
5 1379 780
5 912 680
5 1350 616
5 872 618
5 1374 619
5 856 778
5 1442 610
5 1520 626
5 676 892
5 1419 662
5 1447 706
5 299 912
5 1415 804
5 160 1027
5 1320 874
5 279 1085
5 1452 905
5 515 1101
5 402 926
5 1511 932
5 680 1046
5 664 980
5 833 1075
5 939 1100
5 138 678
5 987 969
5 218 628
5 1175 1090
5 321 668
5 1350 1079
5 297 736
5 1098 873
5 126 754
5 1286 937
5 213 814
5 928 631
5 371 749
5 985 622
5 408 679
5 1091 617
5 419 606
5 953 654
5 503 687
5 1003 734
5 323 878
5 1077 686
5 528 778
5 1065 751
5 527 620
5 1112 684
5 588 670
5 1143 674
5 645 631
5 1177 741
5 694 672
5 1198 618
5 1191 714
5 716 668
5 632 665
5 958 731
5 695 807
5 1243 772
5 718 789
5 1258 659
5 734 680
5 1271 642
5 739 632
5 1290 764
5 746 623
5 1345 709
5 804 681
5 1394 762
5 859 676
5 1332 619
5 547 827
5 891 629
5 1360 637
5 883 807
5 1433 618
5 790 829
5 1488 612
5 696 898
5 1468 703
5 838 840
5 1501 780
5 148 1021
5 1318 857
5 287 1072
5 1468 941
5 788 783
5 439 1125
5 373 924
5 644 1049
5 637 950
5 818 1029
5 958 1087
5 175 612
5 1021 973
5 199 647
5 1176 1032
5 309 612
5 1358 1019
5 267 744
5 1025 847
5 155 728
5 1257 882
5 202 829
5 922 702
5 378 780
5 966 639
5 324 697
5 402 667
5 1080 603
5 389 603
5 1064 824
5 991 650
5 455 698
5 977 698
5 388 852
5 1061 652
5 534 799
5 1080 746
5 540 636
5 1102 687
5 592 687
5 1128 658
5 620 607
5 1164 765
5 678 667
5 1271 853
5 705 663
5 614 676
5 1006 777
5 678 813
5 1225 781
5 650 898
5 1267 672
5 732 711
5 1274 769
5 726 630
5 1299 744
5 772 677
5 1331 724
5 794 672
5 1397 737
5 873 680
5 1326 633
5 895 654
5 1398 666
5 895 772
5 1426 607
5 774 750
5 1472 625
5 713 868
5 1462 680
5 852 958
5 1517 739
5 124 908
5 1324 840
5 289 1053
5 1500 905
5 428 1069
5 1520 710
5 1500 1106
5 385 895
5 641 1078
5 537 1110
5 730 1018
5 926 1033
5 147 620
5 1047 1000
5 160 645
5 1140 984
5 295 639
5 1330 1027
5 246 731
5 1069 885
5 180 763
5 1205 917
5 193 802
5 1346 900
5 358 790
5 954 604
5 372 630
5 1068 608
5 430 610
5 1015 646
5 474 692
5 971 712
5 404 745
5 1054 672
5 497 877
5 1036 748
5 539 660
5 1122 718
5 579 677
5 1119 670
5 621 618
5 1161 778
5 674 651
5 1246 838
5 620 694
5 1228 690
5 684 782
5 1427 938
5 652 645
5 583 872
5 1249 683
5 747 723
5 1268 622
5 709 637
5 1287 749
5 755 702
5 1329 678
5 842 617
5 1395 720
5 869 660
5 1307 611
5 840 701
5 1385 665
5 882 755
5 1420 642
5 788 795
5 716 601
5 742 911
5 1501 686
5 849 922
5 1499 722
5 241 922
5 1343 808
5 270 994
5 1505 881
5 401 1084
5 1521 989
5 401 904
5 613 1039
5 779 1064
5 738 987
5 925 990
5 141 633
5 1055 1024
5 169 655
5 1112 975
5 288 654
5 1253 948
5 267 728
5 989 889
5 178 778
5 1173 890
5 195 840
5 1489 1006
5 336 799
5 953 622
5 357 646
5 1039 610
5 434 647
5 1039 649
5 463 679
5 946 693
5 446 776
5 1015 662
5 478 884
5 1029 770
5 550 671
5 1107 722
5 575 643
5 1112 671
5 598 613
5 1131 789
5 679 630
5 1205 858
5 635 713
5 1216 680
5 709 625
5 612 825
5 1181 625
5 612 866
5 1261 757
5 762 765
5 1248 610
5 705 609
5 1294 718
5 766 691
5 1315 670
5 813 611
5 1378 709
5 802 654
5 1298 638
5 858 718
5 1373 655
5 913 754
5 1409 647
5 816 803
5 1458 621
5 730 897
5 768 893
5 1489 675
5 819 943
5 1436 739
5 235 942
5 1408 718
5 1363 846
5 263 1019
5 1459 835
5 382 1087
5 1129 735
5 426 912
5 558 1044
5 897 692
5 910 624
5 760 1090
5 726 987
5 896 988
5 1017 1032
5 222 677
5 1105 986
5 222 612
5 1262 1073
5 269 708
5 1012 859
5 244 776
5 1156 867
5 233 802
5 193 857
5 1445 991
5 312 825
5 944 630
5 373 661
5 1037 622
5 416 623
5 1047 640
5 483 667
5 941 708
5 490 799
5 1005 669
5 486 855
5 1087 717
5 552 690
5 1111 729
5 564 614
5 1120 639
5 591 626
5 1124 611
5 668 625
5 1198 826
5 658 704
5 1207 667
5 611 806
5 1189 635
5 636 874
5 1252 742
5 752 861
5 1268 698
5 674 605
5 1302 684
5 753 690
5 1323 692
5 770 605
5 1369 684
5 849 682
5 1294 624
5 841 731
5 1367 611
5 1347 655
5 893 704
5 1391 634
5 850 742
5 1440 646
5 790 894
5 1519 659
5 820 952
5 1463 724
5 266 930
5 1383 834
5 223 1057
5 1410 854
5 362 1069
5 1390 910
5 548 921
5 530 1052
5 884 691
5 902 618
5 746 1074
5 697 971
5 825 993
5 991 1026
5 202 707
5 910 891
5 255 629
5 1247 1051
5 278 693
5 1432 1025
5 265 796
5 1145 882
5 131 854
5 1402 998
5 289 827
5 938 644
5 374 695
5 1022 615
5 413 637
5 1057 629
5 478 649
5 1151 853
5 952 699
5 487 764
5 1038 696
5 453 846
5 1166 750
5 1096 704
5 552 721
5 1119 752
5 557 621
5 1106 661
5 624 642
5 1170 606
5 656 656
5 1210 625
5 1190 805
5 672 692
5 1182 660
5 608 763
5 1212 646
5 648 868
5 1248 728
5 761 828
5 1257 635
5 684 615
5 1284 687
5 744 671
5 1315 709
5 760 615
5 1368 672
5 833 676
5 1345 768
5 796 727
5 1339 666
5 910 635
5 1399 618
5 830 750
5 1450 654
5 775 869
5 1492 654
5 763 956
5 1428 725
5 270 914
5 1393 820
5 124 1095
5 1387 875
5 320 1088
5 1420 904
5 453 951
5 370 1007
5 726 1100
5 692 978
5 880 1062
5 954 997
5 197 717
5 897 929
5 248 664
5 1130 1062
5 304 701
5 1479 1054
5 289 784
5 1118 915
5 149 799
5 1008 716
5 1376 942
5 283 850
5 933 609
5 368 717
5 1015 602
5 397 633
5 1054 620
5 496 638
5 1166 850
5 949 681
5 498 756
5 1019 697
5 317 841
5 1089 668
5 567 748
5 1092 757
5 569 625
5 1130 702
5 610 648
5 1155 650
5 641 606
5 1208 636
5 1210 794
5 703 703
5 1187 680
5 609 741
5 949 788
5 657 862
5 1214 734
5 733 809
5 1236 639
5 697 627
5 1300 661
5 571 606
5 752 657
5 1306 702
5 790 612
5 1356 680
5 466 609
5 818 682
5 1373 764
5 560 709
5 807 718
5 1323 652
5 893 607
5 1388 616
5 825 766
5 1453 669
5 680 684
6 329 984
6 1482 775
6 458 718
6 360 1055
6 1466 757
6 655 763
6 1430 631
6 321 1054
6 1412 750
6 832 834
6 1343 639
6 254 1072
6 1366 986
6 1003 836
6 1236 714
6 1514 643
6 139 964
6 646 974
6 1006 826
6 878 863
6 152 714
6 628 919
6 1006 814
6 794 643
6 158 857
6 611 935
6 1247 805
6 747 646
6 1311 903
6 113 658
6 442 974
6 1350 831
6 377 609
6 192 708
tiff1/201210232044-2.bin-12.tiff
3 189 823
3 238 893
3 890 1102
3 1162 730
3 489 983
3 171 817
3 250 829
3 1072 1110
3 1328 775
3 454 1003
3 155 830
3 271 821
3 589 994
3 1310 782
3 392 957
3 197 679
3 1319 627
3 140 712
3 243 801
3 523 990
3 581 823
3 297 966
3 570 1033
3 1313 650
3 131 699
3 225 804
3 354 1009
3 996 914
3 237 1015
3 554 990
3 166 681
3 192 792
3 201 968
3 672 744
3 338 928
3 209 793
3 112 993
3 1051 910
3 380 833
3 537 1032
3 211 823
3 198 949
3 1119 1008
3 431 775
3 528 1013
4 175 639
4 363 702
4 354 862
4 465 771
4 499 614
4 664 677
4 612 838
4 844 637
4 598 1081
4 1000 659
4 1243 628
4 1254 825
4 1333 743
4 1444 883
4 1101 1111
4 491 1058
4 190 665
4 353 638
4 159 773
4 446 762
4 488 611
4 647 671
4 606 782
4 786 662
4 943 942
4 1070 720
4 1223 610
4 1310 821
4 1048 892
4 1507 823
4 1238 966
4 420 1009
4 1012 803
4 175 672
4 337 632
4 200 766
4 395 774
4 468 632
4 623 635
4 636 754
4 872 807
4 899 718
4 1025 715
4 1205 609
4 1277 784
4 1024 888
4 1520 793
4 1193 1011
4 395 1022
4 549 812
4 1493 749
4 212 615
4 308 629
4 243 785
4 467 865
4 453 664
4 598 642
4 732 727
4 820 783
4 882 717
4 982 728
4 1189 609
4 1222 755
4 1066 836
4 1509 758
4 1223 1039
4 288 954
4 513 849
4 203 611
4 252 645
4 321 772
4 449 835
4 413 656
4 510 628
4 718 731
4 762 786
4 886 699
4 1004 763
4 1172 621
4 1198 726
4 1080 799
4 1448 794
4 1271 1016
4 212 950
4 1476 1093
4 388 631
4 126 605
4 234 650
4 349 766
4 422 846
4 417 718
4 539 735
4 1238 706
4 691 736
4 769 812
4 925 666
4 995 757
4 1138 619
4 1165 702
4 1134 821
4 1435 764
4 1495 628
4 179 955
4 550 1033
4 205 698
4 128 629
4 172 706
4 334 743
4 365 840
4 436 730
4 562 656
4 689 721
4 723 829
4 887 647
4 960 783
4 1106 617
4 1223 668
4 1157 842
4 1345 822
4 1426 678
4 195 1103
4 612 1009
4 1298 799
4 156 692
4 322 733
4 371 859
4 470 747
4 528 658
4 699 649
4 685 834
4 857 645
4 944 803
4 1078 646
4 1243 666
4 1183 827
4 1371 740
4 1393 849
4 896 943
4 452 1049
5 1521 627
5 749 625
5 1371 673
5 756 659
5 1405 698
5 1382 779
5 757 861
5 1466 721
5 811 719
5 1330 874
5 1499 1108
5 905 616
5 1424 939
5 221 629
5 1344 964
5 202 648
5 957 653
5 1263 1074
5 128 775
5 955 700
5 1053 1024
5 124 1093
5 930 702
5 928 1035
5 321 1087
5 855 743
5 758 1090
5 235 945
5 769 892
5 825 943
5 326 844
5 1006 732
5 216 813
5 1015 716
5 250 733
5 1059 622
5 284 691
5 1092 618
5 376 630
5 1098 757
5 406 648
5 1112 914
5 344 798
5 1214 858
5 425 910
5 1167 778
5 470 1048
5 1126 751
5 681 1045
5 1134 703
5 646 900
5 720 868
5 1192 639
5 707 704
5 1233 691
5 676 608
5 1296 762
5 646 630
5 599 614
5 483 651
5 1290 667
5 1328 633
5 556 721
5 1349 655
5 614 763
5 1402 619
5 591 670
5 1452 655
5 684 682
5 1521 658
5 747 602
5 817 609
5 1398 721
5 774 669
5 1406 778
5 765 827
5 1438 739
5 802 729
5 1321 855
5 853 681
5 896 630
5 1368 943
5 180 611
5 858 629
5 1352 901
5 221 658
5 942 643
5 1248 1051
5 127 757
5 949 691
5 1047 1001
5 149 1023
5 889 757
5 926 989
5 308 1083
5 846 732
5 774 1040
5 538 1109
5 790 894
5 822 953
5 316 862
5 1038 771
5 206 827
5 1042 691
5 207 707
5 1061 632
5 274 709
5 1084 603
5 362 646
5 1086 747
5 418 635
5 1045 935
5 365 789
5 1183 894
5 387 895
5 1139 789
5 549 920
5 1196 714
5 679 1089
5 1117 698
5 676 894
5 1144 685
5 727 926
5 1184 626
5 690 782
5 1220 681
5 688 615
5 1291 747
5 656 646
5 595 628
5 529 622
5 1281 609
5 487 667
5 1290 686
5 473 612
5 1336 619
5 558 691
5 1341 665
5 1390 615
5 582 677
5 1444 644
5 678 694
5 740 608
5 1421 662
5 794 610
5 1383 709
5 776 678
5 1396 760
5 739 809
5 1464 835
5 1327 841
5 837 675
5 1520 990
5 915 636
5 1357 1020
5 152 620
5 848 616
5 1391 875
5 252 663
5 956 622
5 1177 1037
5 160 729
5 966 674
5 1143 985
5 160 1025
5 901 773
5 897 988
5 290 1053
5 861 718
5 777 1063
5 515 1101
5 822 879
5 764 955
5 324 881
5 1011 777
5 190 841
5 1021 695
5 207 715
5 1050 640
5 268 729
5 1070 608
5 1043 750
5 420 623
5 381 781
5 1159 853
5 402 904
5 1235 756
5 455 948
5 1219 733
5 644 1050
5 1125 719
5 692 902
5 1133 658
5 656 838
5 1172 607
5 724 790
5 1201 617
5 1192 681
5 708 609
5 1276 766
5 658 657
5 612 602
5 545 624
5 1270 621
5 508 686
5 1270 697
5 464 617
5 1308 612
5 554 672
5 1334 679
5 535 781
5 1395 633
5 620 677
5 1493 612
5 663 705
5 1494 654
5 720 602
5 1375 652
5 779 625
5 1333 722
5 769 690
5 1373 764
5 781 749
5 1420 804
5 793 781
5 822 680
5 1506 933
5 900 656
5 1403 998
5 145 631
5 877 618
5 1395 908
5 313 613
5 948 630
5 1345 1082
5 113 668
5 955 680
5 1112 974
5 108 1012
5 918 754
5 1024 972
5 287 1072
5 843 702
5 818 1030
5 439 1124
5 838 844
5 740 986
5 299 912
5 1032 847
5 193 857
5 1019 662
5 185 762
5 1042 649
5 270 743
5 1019 603
5 323 670
5 1068 749
5 424 606
5 1067 823
5 376 752
5 1174 850
5 403 923
5 1247 772
5 479 885
5 1200 755
5 641 1077
5 1100 705
5 636 949
5 1124 671
5 585 872
5 1127 611
5 700 805
5 1212 624
5 717 645
5 1187 662
5 698 626
5 1265 757
5 1308 801
5 624 607
5 542 635
5 1249 609
5 512 669
5 1250 681
5 459 634
5 1300 638
5 503 756
5 1328 693
5 537 799
5 1375 619
5 624 694
5 1476 626
5 636 666
5 1505 684
5 1390 663
5 770 604
5 1349 710
5 758 698
5 1400 736
5 766 768
5 1399 819
5 792 794
5 1521 738
5 814 675
5 1509 907
5 873 659
5 1445 992
5 896 608
5 1427 905
5 300 640
5 931 632
5 1312 887
5 142 679
5 995 651
5 1105 985
5 126 908
5 954 789
5 954 999
5 281 1085
5 895 706
5 833 1075
5 421 1068
5 891 808
5 728 986
5 292 927
5 1017 860
5 238 831
5 1010 667
5 173 779
5 1064 652
5 284 763
5 1026 615
5 330 697
5 1080 687
5 436 610
5 1075 886
5 364 729
5 1163 866
5 372 921
5 1230 779
5 499 874
5 1183 740
5 613 1040
5 1092 718
5 670 968
5 1109 661
5 615 868
5 1123 637
5 684 811
5 1212 635
5 708 662
5 1210 667
5 1278 854
5 681 666
5 1198 919
5 624 619
5 544 661
5 499 639
5 1269 674
5 437 646
5 1297 624
5 493 762
5 1318 709
5 553 772
5 1371 609
5 612 702
5 1461 623
5 628 643
5 1492 674
5 1401 665
5 760 615
5 437 881
5 1366 694
5 758 690
5 741 769
5 1388 833
5 794 855
5 1504 722
5 809 682
5 1511 882
5 880 682
5 1432 1025
5 1466 887
5 293 657
5 959 603
5 1254 949
5 166 644
5 1003 618
5 1152 1102
5 130 853
5 953 752
5 957 1025
5 272 995
5 902 690
5 843 1064
5 404 1083
5 862 778
5 730 1019
5 271 912
5 1000 890
5 826 994
5 293 827
5 982 699
5 1055 669
5 297 784
5 1021 647
5 338 709
5 1077 666
5 380 693
5 1104 872
5 373 716
5 1153 884
5 360 920
5 1216 795
5 506 863
5 1172 749
5 565 1044
5 1110 722
5 699 970
5 1112 671
5 657 862
5 1160 652
5 616 807
5 1215 647
5 698 670
5 1244 653
5 713 626
5 1265 881
5 678 651
5 1255 741
5 659 604
5 568 613
5 523 604
5 1262 658
5 461 701
5 1319 669
5 494 800
5 1310 702
5 571 750
5 597 688
5 1444 610
5 613 651
5 1480 669
5 1412 649
5 729 629
5 1359 681
5 738 682
5 1412 719
5 752 721
5 1348 807
5 795 829
5 1471 703
5 799 672
5 1416 856
5 865 678
5 1490 1006
5 1457 904
5 260 630
5 936 608
5 1281 934
5 174 657
5 989 623
5 1131 1061
5 147 802
5 962 732
5 991 1023
5 264 1019
5 890 691
5 861 1050
5 379 1089
5 833 766
5 724 1100
5 265 929
5 915 892
5 851 922
5 291 849
5 975 713
5 235 801
5 1060 676
5 270 797
5 1045 609
5 308 700
5 1092 668
5 378 658
5 1097 855
5 414 679
5 387 848
5 1196 806
5 491 854
5 554 1046
5 1116 728
5 692 978
5 1117 684
5 652 871
5 1161 667
5 616 825
5 717 680
5 1240 638
5 712 636
5 1253 838
5 671 624
5 1253 727
5 644 604
5 559 623
5 577 606
5 1275 642
5 480 691
5 1306 684
5 449 776
5 1296 717
5 566 710
5 1353 614
5 639 713
5 1436 617
5 578 643
5 1465 679
5 716 925
5 1424 641
5 742 631
5 1371 682
5 749 671
5 1432 723
5 737 710
5 1346 769
5 777 870
5 1450 704
5 808 697
5 1366 845
5 807 656
5 1479 1055
5 914 625
5 1462 939
5 225 613
5 927 615
5 1330 1027
5 220 676
5 969 637
5 1173 1089
5 103 780
5 947 708
5 1017 1033
5 221 1057
5 917 682
5 880 1061
5 362 1068
5 836 750
5 744 1076
5 241 923
5 744 910
5 852 957
5 314 823
5 999 718
5 199 802
5 248 774
5 1040 621
5 299 738
5 1091 640
5 400 633
5 1087 778
5 410 666
5 411 744
5 1204 828
5 458 845
5 1170 765
5 530 1052
5 1131 735
5 664 976
5 1108 687
5 640 872
5 1149 675
5 552 827
5 697 695
5 1221 642
5 719 667
5 1203 697
5 681 629
5 1304 743
5 647 613
5 571 625
5 1260 634
5 469 678
5 1304 660
5 1327 653
5 1363 636
5 615 738
5 1430 607
5 596 656
5 1456 668
6 157 714
6 253 1074
6 387 610
6 1250 803
6 360 1055
6 465 720
6 1011 814
6 1240 715
6 320 1052
6 661 765
6 1011 826
6 1349 640
6 1315 901
6 329 984
6 1365 984
6 1006 835
6 1434 630
6 140 963
6 612 935
6 840 833
6 1467 756
6 1515 643
6 157 857
6 627 918
6 884 861
6 1416 748
6 198 712
6 645 973
6 798 643
6 1487 772
6 116 659
6 441 974
6 752 646
6 1354 833
tiff2/201210232107-2.bin-20.tiff
3 226 733
3 1041 604
3 632 670
3 325 898
3 1380 808
3 150 1043
3 809 1046
3 622 671
3 163 998
3 1261 837
3 247 700
3 542 926
3 1497 1047
3 1101 652
3 1096 684
3 188 903
3 114 860
3 1283 817
3 619 614
3 1477 1057
3 1101 644
3 452 1072
3 102 868
3 1309 825
3 582 610
3 1123 798
3 849 736
3 182 693
3 805 672
3 916 1019
3 137 812
3 1322 818
3 824 1117
3 532 606
3 1493 749
3 322 709
3 1337 830
3 257 1112
3 505 800
3 975 905
3 314 717
3 1160 1052
3 401 1054
3 1034 746
3 351 915
3 745 715
3 641 665
3 974 788
3 1423 795
4 1127 928
4 180 820
4 377 679
4 469 706
4 640 822
4 685 614
4 887 877
4 885 717
4 805 612
4 1030 698
4 1156 638
4 1458 932
4 1396 786
4 1453 682
4 424 716
4 740 782
4 519 1006
4 443 869
4 135 804
4 346 671
4 454 701
4 657 836
4 565 672
4 688 828
4 807 810
4 984 822
4 797 647
4 1040 706
4 1166 642
4 1426 922
4 1345 697
4 1281 628
4 417 802
4 868 872
4 121 1090
4 834 899
4 1103 906
4 107 821
4 331 660
4 447 765
4 598 753
4 697 815
4 791 859
4 1009 825
4 897 660
4 977 687
4 1126 620
4 1294 1033
4 1366 704
4 1318 755
4 1260 819
4 182 705
4 707 714
4 195 1030
4 1177 1076
4 1094 884
4 215 681
4 297 641
4 584 755
4 635 635
4 715 777
4 779 849
4 1010 777
4 932 661
4 989 715
4 1062 612
4 1267 870
4 1392 682
4 1338 752
4 1481 948
4 139 701
4 709 688
4 314 921
4 1018 1068
4 1076 873
4 223 689
4 125 665
4 527 779
4 596 630
4 742 734
4 766 853
4 1034 786
4 914 668
4 957 612
4 1118 717
4 1207 854
4 1380 683
4 1337 737
4 1507 634
4 650 720
4 743 1030
4 398 872
4 116 745
4 130 670
4 510 783
4 576 628
4 761 721
4 747 847
4 953 811
4 927 720
4 861 616
4 1100 709
4 1220 734
4 1485 672
4 1319 722
4 1492 628
4 580 963
4 1113 626
4 762 1056
4 389 862
4 524 1017
4 276 614
4 541 709
4 559 617
4 778 747
4 257 1044
4 901 802
4 865 698
4 860 638
4 1074 679
4 1164 681
4 1440 806
4 1308 711
4 1436 711
4 659 625
4 954 772
4 515 1058
4 407 855
4 1128 902
4 232 609
4 361 623
4 487 715
4 516 618
4 677 617
4 894 775
4 883 687
4 832 610
4 687 664
4 1192 645
4 1390 749
4 1371 781
4 1466 674
4 501 680
4 1042 652
4 551 994
4 479 860
5 1276 756
5 889 986
5 1173 786
5 706 840
5 1389 729
5 672 791
5 1359 765
5 713 729
5 1441 697
5 954 1119
5 1294 605
5 939 921
5 1343 677
5 748 657
5 1334 625
5 781 668
5 1393 635
5 822 689
5 1440 619
5 872 648
5 1449 653
5 887 662
5 1448 1060
5 931 630
5 198 877
5 952 661
5 928 697
5 314 676
5 1023 604
5 179 678
5 990 673
5 152 784
5 950 785
5 181 832
5 868 802
5 141 1001
5 358 680
5 976 872
5 333 1063
5 1074 631
5 307 839
5 1122 608
5 230 871
5 1139 699
5 407 962
5 1173 603
5 350 806
5 1475 1088
5 355 718
5 1140 1000
5 369 647
5 1141 873
5 474 631
5 1195 827
5 464 843
5 1341 934
5 495 1022
5 1364 847
5 157 605
5 638 852
5 1501 810
5 262 615
5 581 719
5 1493 770
5 564 741
5 1074 727
5 592 609
5 1182 744
5 535 649
5 1230 765
5 697 644
5 1242 663
5 541 912
5 1268 649
5 575 975
5 828 986
5 1261 801
5 730 847
5 1382 702
5 633 773
5 1351 740
5 709 743
5 1469 689
5 890 1112
5 1291 617
5 977 937
5 1346 665
5 868 881
5 1338 635
5 780 658
5 1369 635
5 816 720
5 1426 616
5 857 668
5 1442 643
5 882 672
5 1282 654
5 918 618
5 365 606
5 944 652
5 970 650
5 290 680
5 1018 614
5 131 681
5 997 688
5 161 767
5 1071 792
5 104 947
5 884 829
5 188 967
5 994 914
5 312 1085
5 1062 622
5 281 881
5 1138 610
5 263 801
5 1116 701
5 442 1056
5 1189 607
5 348 820
5 1512 1093
5 435 726
5 1197 956
5 408 636
5 1211 880
5 467 610
5 1157 811
5 433 833
5 1320 908
5 502 1089
5 1372 855
5 128 645
5 624 888
5 1511 822
5 250 654
5 582 735
5 1433 755
5 537 660
5 1053 716
5 388 626
5 1161 762
5 525 637
5 1224 778
5 712 638
5 1251 679
5 557 635
5 1254 609
5 580 1026
5 1260 736
5 795 1022
5 1245 793
5 697 863
5 1377 710
5 646 725
5 1350 718
5 670 717
5 1480 709
5 856 1105
5 1301 625
5 1002 972
5 1341 657
5 858 852
5 1360 643
5 792 615
5 1381 639
5 830 743
5 1413 618
5 853 704
5 1432 655
5 882 761
5 421 902
5 907 629
5 1348 836
5 945 641
5 976 645
5 278 675
5 1001 618
5 106 780
5 1043 626
5 148 722
5 1067 750
5 134 971
5 929 839
5 251 943
5 1051 945
5 294 1111
5 1059 637
5 266 852
5 1139 622
5 258 785
5 1115 684
5 438 1014
5 1202 611
5 408 798
5 1215 1123
5 413 740
5 1206 974
5 395 639
5 1199 885
5 469 681
5 1159 827
5 465 889
5 1301 874
5 303 921
5 1375 880
5 145 632
5 612 892
5 1502 860
5 250 645
5 588 776
5 1420 762
5 600 657
5 1058 694
5 505 619
5 1150 769
5 516 651
5 1205 777
5 698 631
5 1249 695
5 568 631
5 1263 637
5 610 1028
5 1255 718
5 783 1032
5 1248 776
5 789 1095
5 1232 949
5 806 912
5 1404 687
5 683 742
5 1507 692
5 735 666
5 1294 637
5 962 972
5 1330 662
5 813 846
5 1367 666
5 790 609
5 1387 613
5 806 748
5 1410 640
5 835 713
5 1437 666
5 830 759
5 525 837
5 902 619
5 1375 823
5 951 633
5 983 631
5 284 697
5 993 645
5 129 731
5 1041 618
5 192 728
5 1051 768
5 138 956
5 928 810
5 232 966
5 1057 966
5 219 744
5 1064 645
5 376 899
5 1104 626
5 280 773
5 1143 661
5 410 1024
5 1215 629
5 388 826
5 1114 1096
5 388 754
5 1252 991
5 390 669
5 1198 907
5 448 672
5 1148 854
5 509 681
5 1312 860
5 495 760
5 1398 877
5 607 905
5 1439 879
5 214 648
5 575 824
5 1440 775
5 1082 801
5 591 651
5 1491 732
5 505 635
5 1148 723
5 547 636
5 1205 741
5 663 632
5 1244 709
5 566 649
5 1274 609
5 681 1023
5 1273 724
5 740 985
5 1262 770
5 767 1091
5 1264 895
5 772 893
5 1430 693
5 606 750
5 1461 708
5 728 697
5 1307 651
5 960 990
5 1321 648
5 853 902
5 1357 669
5 763 607
5 1354 624
5 801 722
5 1413 649
5 833 643
5 1419 671
5 834 778
5 1498 654
5 883 616
5 486 870
5 946 625
5 988 623
5 241 709
5 996 651
5 130 708
5 1042 661
5 196 739
5 1037 754
5 157 907
5 928 800
5 208 965
5 1050 996
5 228 763
5 1063 656
5 333 928
5 1114 661
5 301 782
5 1154 657
5 396 997
5 1182 674
5 387 843
5 1063 1108
5 394 769
5 1220 1024
5 394 676
5 1169 902
5 439 647
5 1084 815
5 520 686
5 1305 848
5 500 805
5 1422 896
5 596 888
5 1464 868
5 217 621
5 581 835
5 1449 770
5 306 643
5 594 686
5 1472 741
5 540 674
5 1147 745
5 548 623
5 1217 716
5 647 676
5 1240 715
5 581 643
5 1246 632
5 645 1047
5 1286 730
5 1269 785
5 724 1112
5 1250 877
5 761 869
5 1415 691
5 608 820
5 1470 721
5 726 685
5 1302 660
5 949 1056
5 1315 634
5 851 921
5 1356 685
5 738 622
5 1349 619
5 781 725
5 1403 658
5 816 627
5 1467 618
5 793 770
5 1501 611
5 875 628
5 488 882
5 938 616
5 972 631
5 972 666
5 157 651
5 1020 658
5 180 754
5 998 747
5 158 878
5 930 781
5 171 961
5 914 856
5 223 784
5 427 606
5 1063 668
5 317 954
5 1095 658
5 313 798
5 1178 622
5 369 1026
5 1171 661
5 349 848
5 1038 1110
5 381 760
5 1369 1080
5 394 687
5 1157 944
5 450 633
5 1081 827
5 494 610
5 1232 852
5 466 751
5 1468 911
5 577 930
5 1477 868
5 181 624
5 589 851
5 1465 786
5 336 614
5 600 705
5 1468 748
5 539 686
5 1120 777
5 538 617
5 1215 686
5 336 760
5 1248 750
5 693 675
5 1237 620
5 641 1074
5 1296 713
5 701 966
5 1299 780
5 688 1113
5 1222 806
5 758 803
5 1415 712
5 622 830
5 1358 755
5 708 699
5 1313 666
5 987 1061
5 1317 620
5 869 932
5 1318 697
5 736 636
5 1335 610
5 763 693
5 1380 647
5 820 618
5 1462 612
5 646 745
5 1478 657
5 893 638
5 1301 733
5 932 609
5 961 622
5 981 615
5 944 706
5 157 669
5 1024 642
5 177 740
5 956 731
5 137 865
5 912 777
5 171 926
5 854 836
5 218 797
5 222 669
5 1037 670
5 313 985
5 1103 609
5 327 829
5 1163 607
5 235 937
5 1165 709
5 388 915
5 1215 659
5 364 778
5 1434 1088
5 404 699
5 1141 931
5 445 622
5 1070 855
5 488 646
5 1213 844
5 459 804
5 1418 973
5 530 926
5 1515 875
5 183 640
5 611 838
5 1485 827
5 332 627
5 620 724
5 1521 746
5 541 698
5 1108 760
5 641 619
5 1202 682
5 440 702
5 1236 738
5 709 664
5 1220 605
5 593 1082
5 1286 662
5 616 943
5 1287 767
5 720 1095
5 1192 800
5 734 830
5 1400 721
5 654 806
5 1376 752
5 717 714
5 1301 677
5 990 1112
5 1312 610
5 932 912
5 1340 687
5 742 648
5 1329 616
5 788 695
5 1394 649
5 818 641
5 1453 630
5 744 769
5 1459 660
5 897 647
5 1139 908
5 908 647
5 988 706
5 963 643
5 948 692
5 296 725
5 1014 627
5 171 722
5 957 746
5 147 838
5 920 755
5 127 940
5 841 807
5 270 833
5 333 683
5 998 897
5 324 1037
5 1084 627
5 313 856
5 1152 611
5 206 848
5 1165 699
5 378 952
5 1192 628
5 358 789
5 1467 1099
5 374 712
5 1136 975
5 396 612
5 1096 854
5 483 659
5 1185 857
5 484 821
5 1375 982
5 480 1013
5 1375 843
5 188 653
5 601 865
5 1507 841
5 299 629
5 602 727
5 1519 773
5 562 729
5 1108 745
5 621 641
5 1187 710
5 502 707
5 1224 749
5 709 653
5 1223 645
5 533 1030
5 1267 663
5 600 946
6 553 1098
6 930 1085
6 1358 808
6 124 1010
6 885 1085
6 702 621
6 153 684
6 1028 739
6 354 696
6 258 668
6 913 733
6 419 678
6 415 611
6 1196 1037
6 683 694
6 1369 1023
6 1451 729
6 1356 1026
tiff2/201210232107-2.bin-21.tiff
3 636 670
3 232 734
3 397 1054
3 1497 1047
3 1426 795
3 1127 796
3 1104 652
3 981 907
3 646 664
3 250 700
3 148 1045
3 1159 1051
3 1384 808
3 1038 746
3 1105 643
3 383 663
3 320 716
3 162 998
3 917 1021
3 1339 830
3 980 789
3 328 708
3 105 867
3 810 1049
3 1326 818
3 852 735
3 1098 685
3 537 604
3 108 857
3 825 1118
3 1314 826
3 585 608
3 333 896
3 512 801
3 1288 818
3 258 1113
3 188 691
3 810 672
3 623 614
3 143 813
3 543 927
3 1266 835
3 1043 604
3 351 917
3 750 714
3 626 673
3 189 902
3 453 1072
3 1478 1059
3 1499 750
4 1012 774
4 1115 627
4 1393 680
4 1393 749
4 1487 676
4 715 687
4 1489 946
4 112 821
4 281 615
4 491 715
4 411 854
4 603 754
4 687 614
4 703 812
4 1110 905
4 811 809
4 890 718
4 1044 708
4 1038 784
4 1129 622
4 1382 683
4 1397 786
4 1468 674
4 958 772
4 1168 682
4 315 922
4 237 609
4 471 708
4 394 862
4 590 756
4 679 615
4 719 776
4 1132 903
4 781 747
4 864 638
4 934 719
4 1016 829
4 1063 614
4 1371 702
4 1372 779
4 1454 682
4 894 875
4 506 679
4 258 1041
4 126 666
4 457 700
4 403 875
4 586 964
4 658 625
4 745 783
4 1132 930
4 752 847
4 864 615
4 982 686
4 989 822
4 1077 679
4 1348 697
4 1338 736
4 1492 626
4 1211 853
4 187 703
4 196 1033
4 133 670
4 364 623
4 449 870
4 737 1032
4 635 632
4 747 734
4 1177 1076
4 768 853
4 834 609
4 899 659
4 1102 710
4 1282 626
4 1342 752
4 1511 632
4 1271 872
4 142 702
4 120 1090
4 218 683
4 381 678
4 484 861
4 762 1057
4 518 616
4 766 722
4 1017 1069
4 784 848
4 807 612
4 917 665
4 957 808
4 1121 717
4 1194 645
4 1322 754
4 1463 930
4 185 821
4 426 718
4 225 689
4 349 672
4 534 779
4 550 997
4 599 627
4 689 663
4 646 822
4 797 858
4 801 647
4 934 660
4 898 774
4 959 612
4 1167 643
4 1325 721
4 1432 921
4 1223 734
4 423 803
4 1044 651
4 122 747
4 337 660
4 517 785
4 515 1006
4 579 627
4 546 707
4 661 831
4 1082 872
4 838 901
4 886 684
4 906 800
4 992 716
4 1158 637
4 1311 712
4 1295 1032
4 1437 710
4 654 721
4 1441 805
4 140 803
4 301 642
4 454 764
4 525 1013
4 560 616
4 570 674
4 692 827
4 1099 885
4 791 767
4 872 697
4 1033 695
5 1442 776
5 1391 730
5 1166 827
5 1435 656
5 1272 784
5 1358 684
5 1207 740
5 1319 696
5 1056 719
5 1295 640
5 925 756
5 1339 637
5 834 745
5 1427 617
5 859 667
5 1480 640
5 741 637
5 1191 858
5 769 695
5 1351 835
5 625 724
5 1362 765
5 547 673
5 1066 643
5 465 805
5 105 1005
5 688 743
5 368 1027
5 408 700
5 158 909
5 428 604
5 274 835
5 475 632
5 373 780
5 539 617
5 222 795
5 505 1091
5 200 739
5 702 966
5 130 733
5 790 1095
5 133 648
5 954 1118
5 162 607
5 1002 916
5 282 677
5 1224 1026
5 368 607
5 1149 874
5 742 623
5 1433 1089
5 898 645
5 1509 859
5 965 622
5 1373 848
5 989 625
5 1208 888
5 993 672
5 1077 855
5 1064 623
5 1040 757
5 782 660
5 767 871
5 1155 611
5 617 838
5 1236 619
5 626 889
5 1253 680
5 412 894
5 1119 703
5 678 791
5 1157 657
5 1465 782
5 1403 719
5 1201 829
5 1439 667
5 1251 751
5 1357 670
5 1274 724
5 1316 666
5 1079 728
5 1303 628
5 918 777
5 1336 626
5 834 760
5 1415 618
5 825 690
5 1481 658
5 752 658
5 1239 738
5 732 699
5 1267 692
5 648 749
5 1380 751
5 547 687
5 1068 655
5 492 823
5 104 950
5 393 828
5 396 999
5 381 713
5 171 926
5 400 613
5 238 875
5 484 648
5 365 793
5 549 623
5 228 786
5 555 637
5 496 1023
5 226 764
5 681 1024
5 105 784
5 767 1093
5 146 639
5 991 1113
5 185 624
5 991 935
5 320 679
5 1215 1125
5 355 651
5 1145 909
5 710 654
5 1368 1081
5 882 629
5 1520 873
5 952 633
5 1379 855
5 986 633
5 1313 848
5 998 645
5 1105 857
5 1074 631
5 1070 750
5 786 668
5 818 846
5 1140 609
5 626 833
5 1202 612
5 601 909
5 1268 662
5 428 906
5 1142 699
5 659 805
5 1148 662
5 1494 769
5 1419 712
5 1223 808
5 1423 672
5 1235 766
5 1370 666
5 1300 715
5 1335 664
5 1112 743
5 1318 636
5 933 698
5 1329 617
5 840 778
5 1388 632
5 854 706
5 1462 661
5 764 611
5 1446 698
5 722 715
5 1252 778
5 651 679
5 1354 739
5 545 698
5 974 667
5 506 805
5 127 941
5 398 841
5 302 926
5 361 719
5 187 968
5 393 628
5 201 880
5 487 660
5 353 822
5 526 637
5 266 781
5 565 650
5 479 1014
5 244 711
5 647 1050
5 108 804
5 720 1097
5 160 654
5 989 1059
5 187 643
5 1051 944
5 304 630
5 1142 1002
5 350 659
5 1179 903
5 698 644
5 1221 845
5 935 629
5 1473 910
5 945 640
5 1380 879
5 983 615
5 1319 862
5 1000 655
5 920 859
5 1060 637
5 1056 768
5 792 753
5 846 807
5 1141 622
5 642 853
5 1197 629
5 598 892
5 1275 611
5 460 891
5 1171 709
5 538 976
5 1184 675
5 1504 809
5 1450 771
5 1249 793
5 1432 690
5 1227 776
5 1383 640
5 1257 720
5 1360 643
5 1114 761
5 1325 647
5 954 695
5 1334 610
5 890 830
5 1396 637
5 840 714
5 1449 653
5 795 618
5 1474 691
5 711 665
5 1135 974
5 653 730
5 1354 720
5 599 686
5 1228 749
5 500 761
5 138 957
5 360 847
5 317 961
5 396 755
5 322 1037
5 410 639
5 212 854
5 474 682
5 357 808
5 512 651
5 267 807
5 572 634
5 443 1057
5 288 700
5 593 1082
5 157 788
5 723 1116
5 160 669
5 950 1057
5 194 653
5 1049 969
5 265 617
5 1113 1095
5 363 639
5 1152 943
5 698 634
5 1239 851
5 935 608
5 1377 984
5 948 653
5 1401 877
5 972 633
5 1309 877
5 1023 660
5 875 884
5 1065 665
5 885 762
5 876 805
5 1104 607
5 764 802
5 1216 629
5 606 867
5 1257 608
5 497 883
5 1249 710
5 379 952
5 1188 709
5 1472 723
5 1266 805
5 1418 692
5 1209 777
5 1383 650
5 1243 715
5 1345 655
5 1126 778
5 1310 652
5 948 709
5 1313 609
5 937 840
5 1391 614
5 819 722
5 1445 642
5 823 617
5 1461 705
5 696 677
5 877 934
5 673 718
5 991 705
5 590 738
5 1031 713
5 470 752
5 748 769
5 134 974
5 412 798
5 312 989
5 389 763
5 337 1062
5 398 639
5 188 831
5 452 672
5 334 832
5 511 637
5 286 777
5 581 645
5 439 1012
5 362 680
5 641 1075
5 159 770
5 687 1112
5 136 683
5 828 986
5 216 648
5 1048 999
5 254 655
5 1037 1110
5 339 617
5 1228 946
5 715 642
5 1206 907
5 921 618
5 1419 974
5 957 661
5 1429 893
5 977 645
5 1328 907
5 1025 643
5 859 905
5 1044 625
5 1076 793
5 894 697
5 859 838
5 1103 615
5 740 829
5 1190 606
5 595 853
5 1264 638
5 540 913
5 1251 695
5 407 962
5 1150 744
5 1515 823
5 1493 733
5 1290 768
5 1405 688
5 1197 800
5 1397 650
5 1264 738
5 1350 667
5 1155 768
5 1304 661
5 964 732
5 1319 621
5 933 809
5 1371 634
5 787 726
5 1468 616
5 819 642
5 1512 692
5 714 699
5 857 923
5 714 745
5 618 944
5 583 719
5 1286 734
5 504 708
5 1004 898
5 136 1004
5 445 835
5 232 969
5 399 769
5 342 1098
5 395 667
5 154 839
5 441 649
5 320 853
5 507 623
5 306 782
5 625 641
5 411 1025
5 610 1028
5 174 753
5 796 1024
5 134 710
5 890 986
5 182 678
5 964 975
5 253 645
5 1063 1108
5 336 631
5 1198 954
5 517 682
5 1258 878
5 905 617
5 1513 1095
5 909 630
5 1443 880
5 971 651
5 1352 934
5 1021 614
5 778 895
5 1046 662
5 1086 805
5 744 649
5 863 854
5 1105 627
5 709 840
5 1176 603
5 589 835
5 1270 649
5 535 928
5 1221 688
5 330 933
5 1151 722
5 1489 830
5 1475 748
5 1303 781
5 1384 702
5 1178 787
5 1407 659
5 1280 755
5 1342 687
5 1168 760
5 1285 662
5 961 747
5 1225 643
5 934 799
5 1291 615
5 804 721
5 1452 630
5 836 642
5 1501 653
5 730 688
5 305 725
5 717 729
5 642 619
5 606 708
5 1303 732
5 524 684
5 1364 786
5 532 835
5 207 965
5 418 742
5 296 1107
5 398 675
5 142 867
5 454 634
5 312 843
5 495 613
5 318 800
5 602 658
5 251 944
5 581 1028
5 195 728
5 785 1032
5 120 719
5 890 1113
5 105 692
5 991 972
5 237 636
5 938 913
5 372 649
5 1213 978
5 147 726
5 1270 899
5 889 615
5 1476 1090
5 911 648
5 1471 870
5 965 643
5 1379 822
5 1015 627
5 812 911
5 1044 675
5 1088 818
5 1097 657
5 956 787
5 889 660
5 703 864
5 1180 624
5 582 826
5 1248 633
5 603 948
5 1219 658
5 382 901
5 1118 664
5 593 778
5 1423 758
5 1380 710
5 1161 811
5 1420 651
5 1266 770
5 1345 677
5 1186 745
5 1304 677
5 1063 695
5 1287 654
5 935 780
5 1350 619
5 811 749
5 1443 621
5 875 650
5 1503 610
5 738 666
5 566 741
5 793 694
5 594 609
5 606 728
5 1313 759
5 539 661
5 1044 617
5 477 844
5 170 963
5 443 727
5 316 1083
5 397 687
5 164 881
5 448 624
5 276 857
5 469 611
5 339 761
5 594 651
5 285 882
5 533 1031
5 179 742
5 739 988
5 106 724
5 855 1106
5 104 641
5 958 990
5 219 621
5 944 923
5 226 746
5 1257 993
5 178 724
5 1155 856
5 984 874
5 1465 1099
5 896 637
5 1481 867
5 948 625
5 1382 842
5 1002 617
5 1216 878
5 1003 690
5 1088 829
5 1086 627
5 994 750
5 886 672
5 733 847
5 1164 607
5 614 821
5 1223 609
5 584 933
5 1245 665
5 388 918
5 1120 685
5 638 775
5 1175 663
6 1357 1025
6 687 694
6 1195 1038
6 417 611
6 358 696
6 884 1086
6 423 678
6 930 1083
6 156 683
6 918 734
6 260 672
6 1362 808
6 123 1009
6 1455 730
6 553 1099
6 1034 739
6 1371 1021
6 706 620
tiff3/201210232107-2.bin-210.tiff
3 450 1076
3 175 672
3 1257 623
3 981 851
3 1518 981
3 1471 623
3 141 1063
3 918 1065
3 1307 828
3 826 781
3 1484 679
3 961 616
3 821 1115
3 886 787
3 822 869
3 1246 916
3 968 621
3 257 1114
3 530 768
3 1014 777
3 1410 893
3 846 773
3 341 1071
3 506 649
3 1063 717
3 812 1046
3 151 686
3 975 839
3 159 634
3 1068 727
3 227 1085
3 519 1127
3 123 655
3 1047 697
3 285 1121
3 1170 663
3 166 1003
3 490 1121
3 131 665
3 1102 637
3 196 720
3 1003 726
3 1475 633
4 177 616
4 179 736
4 209 1049
4 1444 802
4 493 725
4 633 794
4 670 859
4 671 673
4 793 690
4 974 782
4 1134 964
4 1144 746
4 1237 689
4 1455 681
4 259 859
4 961 687
4 1228 704
4 188 611
4 198 745
4 183 1063
4 450 702
4 487 641
4 646 779
4 639 864
4 584 675
4 775 676
4 934 800
4 1055 936
4 1103 767
4 1207 679
4 1435 689
4 326 767
4 993 733
4 1257 607
4 198 625
4 210 689
4 149 1035
4 1288 683
4 460 630
4 584 785
4 596 870
4 606 636
4 767 682
4 948 845
4 1050 949
4 1060 781
4 1191 652
4 1390 685
4 1345 653
4 1488 693
4 1331 627
4 355 682
4 107 1055
4 1385 608
4 447 638
4 513 775
4 487 904
4 600 609
4 757 688
4 847 807
4 1113 867
4 1358 891
4 1160 632
4 1404 739
4 1512 617
4 1472 678
4 1273 674
4 341 669
4 151 715
4 1458 760
4 430 690
4 428 836
4 575 852
4 585 642
4 717 668
4 861 693
4 1085 851
4 1342 901
4 1135 648
4 1387 719
4 1491 621
4 1508 895
4 1251 649
4 322 675
4 125 705
4 1468 894
4 409 744
4 541 776
4 550 869
4 704 969
4 739 627
4 885 618
4 1058 838
4 1293 1034
4 1065 656
4 1329 750
4 1482 796
4 1434 1104
4 912 687
4 254 623
4 129 695
4 239 741
4 463 834
4 574 866
4 754 853
4 706 612
4 905 624
4 1020 837
4 1191 1054
4 1179 748
4 1292 634
4 1467 827
4 1369 781
4 896 744
4 246 640
4 152 695
4 283 768
4 506 732
4 605 850
4 728 859
4 655 707
4 813 633
4 982 827
4 1154 1058
4 1165 719
4 1306 625
4 1493 737
4 229 639
4 1025 760
5 1062 646
5 1021 671
5 695 711
5 1400 749
5 1226 632
5 726 760
5 1131 611
5 752 710
5 1109 689
5 802 616
5 1056 694
5 776 797
5 1019 638
5 111 629
5 782 889
5 1017 608
5 218 662
5 873 889
5 297 632
5 953 929
5 254 769
5 986 1062
5 115 761
5 882 813
5 271 847
5 772 656
5 319 635
5 1003 971
5 394 716
5 1014 921
5 384 602
5 1125 878
5 419 733
5 1257 924
5 428 784
5 1451 980
5 315 865
5 1492 897
5 148 896
5 1421 874
5 260 947
5 1208 832
5 378 951
5 1289 780
5 330 1038
5 1352 726
5 482 626
5 1487 720
5 510 603
5 1372 722
5 555 637
5 1480 649
5 535 730
5 1480 607
5 551 782
5 1428 619
5 450 766
5 1380 617
5 408 837
5 1338 687
5 455 895
5 1329 707
5 602 831
5 1144 837
5 616 678
5 942 788
5 576 929
5 927 731
5 520 985
5 1081 802
5 428 998
5 1172 692
5 1223 723
5 681 1028
5 1322 603
5 884 671
5 742 991
5 115 673
5 971 651
5 917 1100
5 1019 660
5 687 698
5 1406 696
5 1240 651
5 690 795
5 1145 607
5 735 727
5 1132 665
5 782 624
5 1061 675
5 782 832
5 1013 645
5 114 642
5 761 896
5 1049 610
5 214 673
5 861 896
5 295 620
5 929 899
5 233 755
5 1027 1097
5 119 779
5 855 820
5 252 819
5 763 655
5 334 653
5 1033 992
5 394 705
5 1010 890
5 400 610
5 1121 890
5 435 721
5 1312 1095
5 408 762
5 1510 1028
5 313 832
5 1441 942
5 125 913
5 1459 849
5 231 966
5 1220 833
5 397 996
5 1267 772
5 314 1072
5 1349 736
5 462 603
5 1446 737
5 494 624
5 1374 694
5 588 608
5 1475 641
5 512 744
5 1455 609
5 584 772
5 1431 606
5 463 790
5 1370 627
5 447 839
5 1326 657
5 442 885
5 1318 723
5 556 817
5 1155 833
5 621 687
5 980 804
5 636 915
5 945 729
5 556 974
5 1077 752
5 475 1002
5 1463 787
5 1200 761
5 687 1054
5 1296 651
5 865 658
5 711 1003
5 453 883
5 961 644
5 856 1108
5 1080 610
5 994 656
5 687 639
5 1509 709
5 1253 667
5 663 788
5 1187 608
5 710 685
5 1124 675
5 776 632
5 1087 660
5 777 853
5 1034 671
5 744 908
5 1048 621
5 181 725
5 855 908
5 281 614
5 920 935
5 215 753
5 1018 1122
5 133 796
5 877 772
5 232 816
5 800 663
5 308 661
5 1047 1010
5 369 660
5 969 880
5 349 771
5 1166 919
5 445 711
5 1274 1016
5 400 772
5 1479 1059
5 343 844
5 1317 930
5 106 869
5 1444 859
5 206 962
5 1248 847
5 370 996
5 1234 809
5 310 1085
5 1317 748
5 440 619
5 1392 762
5 540 653
5 1409 685
5 580 622
5 1514 605
5 518 724
5 1447 619
5 575 757
5 1424 628
5 468 799
5 1358 661
5 447 852
5 1407 616
5 430 889
5 1305 706
5 544 825
5 1271 631
5 612 697
5 962 816
5 603 903
5 964 742
5 531 944
5 1038 735
5 576 1104
5 1406 775
5 1188 776
5 646 1044
5 1307 639
5 1222 654
5 737 1021
5 227 948
5 948 607
5 834 1021
5 1029 607
5 669 630
5 1455 642
5 1194 699
5 664 754
5 1174 606
5 719 695
5 1122 697
5 761 610
5 1101 652
5 769 774
5 1034 699
5 806 765
5 1078 622
5 109 738
5 847 925
5 270 627
5 907 936
5 216 764
5 990 1112
5 153 781
5 877 757
5 214 832
5 814 710
5 297 702
5 1061 996
5 385 645
5 984 888
5 342 741
5 1042 879
5 454 675
5 1246 1024
5 333 804
5 1453 1058
5 343 828
5 1440 1090
5 328 904
5 1427 814
5 192 997
5 1333 791
5 336 996
5 1228 775
5 260 1025
5 1329 763
5 393 1119
5 1451 772
5 495 669
5 1399 700
5 556 610
5 1507 629
5 527 719
5 1450 629
5 599 655
5 1427 641
5 467 760
5 1375 643
5 478 856
5 1407 629
5 428 911
5 1308 695
5 547 841
5 1267 650
5 602 718
5 1026 806
5 605 773
5 959 760
5 496 944
5 1037 752
5 552 1089
5 1443 773
5 1178 788
5 645 1083
5 1281 638
5 1228 669
5 789 1096
5 308 942
5 934 617
5 793 1025
5 910 603
5 998 680
5 643 636
5 1390 636
5 1180 724
5 711 730
5 1174 633
5 748 774
5 1140 691
5 740 641
5 1112 649
5 852 652
5 1035 711
5 801 719
5 1043 640
5 135 745
5 805 936
5 268 607
5 889 958
5 259 723
5 954 1120
5 150 768
5 860 747
5 207 845
5 828 692
5 203 881
5 1077 1022
5 352 610
5 962 906
5 335 726
5 1067 911
5 417 662
5 1203 961
5 298 747
5 1509 1094
5 378 810
5 1459 925
5 355 893
5 1503 796
5 176 959
5 1301 815
5 318 985
5 1221 790
5 128 1115
5 1296 720
5 367 1081
5 1229 747
5 499 660
5 1425 711
5 553 621
5 1517 647
5 538 708
5 1445 643
5 585 736
5 1417 645
5 474 743
5 1379 655
5 488 844
5 1341 612
5 421 899
5 1296 688
5 533 859
5 1277 664
5 612 724
5 1068 818
5 632 784
5 947 770
5 496 910
5 1060 765
5 572 1065
5 1485 758
5 1159 754
5 642 1115
5 1213 606
5 1227 683
5 767 1093
5 393 715
5 871 639
5 710 867
5 161 839
5 988 692
5 618 652
5 1372 622
5 1145 724
5 691 742
5 1197 629
5 744 815
5 1148 667
5 727 656
5 1114 661
5 848 672
5 1079 735
5 777 733
5 980 625
5 171 697
5 824 898
5 226 617
5 887 924
5 273 706
5 949 1056
5 182 761
5 838 748
5 186 846
5 857 716
5 231 882
5 1145 1094
5 340 614
5 983 924
5 345 711
5 1058 893
5 429 634
5 1158 1015
5 310 777
5 1476 1090
5 394 788
5 1395 930
5 337 886
5 1518 821
5 124 984
5 1292 864
5 301 994
5 1203 793
5 391 895
5 1295 737
5 376 1052
5 1262 745
5 482 687
5 1455 709
5 533 612
5 1508 655
5 560 695
5 1440 660
5 568 731
5 1423 656
5 483 747
5 1397 674
5 471 821
5 1348 619
5 417 882
5 1319 637
5 509 864
5 1268 685
5 631 760
5 1121 802
5 638 730
5 926 784
5 524 892
5 984 770
5 536 1032
5 1513 774
5 1143 776
5 613 1120
5 1215 614
5 1210 718
5 729 1127
5 1500 602
5 903 648
5 687 876
5 167 814
5 941 687
5 884 1015
5 859 643
5 1123 735
5 670 717
5 1172 652
5 1210 622
5 719 822
5 1155 679
5 742 674
5 1105 666
5 845 627
5 1097 719
5 781 751
5 992 632
5 151 640
5 821 888
5 217 611
5 898 896
5 277 669
5 961 973
5 197 771
5 1064 1109
5 164 825
5 872 698
5 248 888
5 1117 1096
5 324 607
5 992 930
5 361 689
5 1036 910
5 428 646
5 1141 1001
5 346 783
5 1473 1104
5 406 804
5 1498 947
5 292 884
5 1485 839
5 137 955
5 1390 825
5 288 979
5 1194 814
5 384 901
5 1289 744
5 366 1029
5 1331 780
5 471 662
5 1472 696
5 542 626
5 1521 679
5 554 678
5 1474 661
5 551 735
5 1416 667
5 493 773
5 1394 662
5 479 812
5 1350 632
5 405 871
5 1308 668
5 495 872
5 1262 719
5 610 804
5 1121 817
5 640 717
5 945 819
5 537 914
5 974 717
5 615 997
5 988 813
5 1141 795
5 445 1017
5 1252 633
5 1222 710
5 721 1095
5 1293 615
5 903 659
5 708 893
5 121 728
5 937 663
5 1089 641
5 1108 743
5 657 731
5 1445 782
5 1228 608
5 702 822
5 1141 628
5 755 700
5 1103 679
5 831 614
5 1077 689
5 782 785
5 1005 625
5 127 631
5 785 908
5 1002 609
5 211 638
5 869 873
5 278 642
5 932 989
5 237 783
5 1024 1036
5 137 837
5 886 728
5 255 867
5 792 653
5 312 616
5 994 990
5 398 682
5 1020 939
5 419 607
5 1159 972
5 451 744
5 1367 1075
5 427 799
5 1493 973
5 336 862
5 1512 876
5 172 929
5 1346 859
5 237 996
5 1203 842
5 376 918
5 1295 753
5 346 1055
5 1363 755
5 471 634
5 1504 694
5 529 631
5 1361 709
5 566 672
5 1492 642
5 547 714
5 1431 676
5 542 796
5 1398 649
5 506 805
5 1365 612
5 390 846
5 1327 680
5 490 886
5 1280 720
5 619 830
5 1125 841
5 626 704
5 933 813
5 557 928
5 927 701
5 583 993
5 1043 712
5 1101 786
5 440 997
5 1168 704
5 1239 717
5 688 1111
5 1287 601
5 915 661
5 682 902
5 105 691
5 973 671
5 855 1004
6 155 730
6 829 910
6 1198 1041
6 934 647
6 1361 1027
6 875 1100
6 923 637
6 1227 1041
6 773 1013
6 766 752
6 976 1111
6 505 945
6 857 786
6 838 994
6 117 1011
6 1265 731
6 460 867
6 1162 639
6 508 675
6 1084 702
6 1034 964
tiff4/201210232107-2.bin-525.tiff
3 134 1044
3 114 837
3 785 790
3 949 841
3 930 646
3 1134 648
3 1229 1042
3 535 616
3 978 685
3 1115 680
3 171 1035
3 818 1045
3 788 805
3 844 924
3 938 651
3 758 635
3 1307 765
3 952 703
3 1319 748
3 1141 696
3 317 1082
3 924 1023
3 766 809
3 811 1127
3 930 697
3 836 633
3 232 1036
3 658 705
3 1436 758
3 1138 683
3 343 1089
3 259 1114
3 600 877
3 524 954
3 948 693
3 799 646
3 1186 718
3 688 695
3 1363 1059
3 1145 663
3 446 1071
3 284 1122
3 662 853
3 525 1081
3 1042 657
3 783 632
3 876 633
3 658 689
3 1462 1096
3 512 642
3 296 1049
3 822 1115
3 720 956
3 698 846
3 1065 649
3 765 622
3 904 642
3 343 676
3 1476 1062
3 139 869
3 963 697
3 151 1060
3 134 908
3 171 928
3 809 798
3 1081 643
3 906 625
3 900 650
3 298 771
3 904 677
3 1475 772
3 160 1001
3 162 913
3 800 786
3 1096 636
3 955 668
3 1074 658
3 263 777
3 570 616
3 690 709
4 359 836
4 264 1044
4 487 746
4 493 1099
4 155 702
4 1265 1064
4 1175 919
4 885 817
4 716 696
4 499 663
4 562 638
4 912 736
4 1232 683
4 1428 627
4 1368 783
4 198 1076
4 646 604
4 954 1117
4 986 1043
4 105 1053
4 762 885
4 111 786
4 291 644
4 1229 1067
4 1189 890
4 934 801
4 711 729
4 422 623
4 528 661
4 990 619
4 963 610
4 1465 643
4 1409 736
4 410 1111
4 658 871
4 895 631
4 1152 1056
4 288 850
4 536 878
4 187 812
4 205 648
4 1190 1074
4 1412 836
4 984 800
4 758 727
4 413 629
4 585 671
4 1062 627
4 958 735
4 1485 661
4 1376 735
4 1267 909
4 475 630
4 1166 751
4 1076 990
4 429 885
4 583 895
4 207 762
4 241 655
4 1018 1067
4 1434 845
4 1165 789
4 652 739
4 399 635
4 540 665
4 872 674
4 1132 722
4 1329 614
4 1470 727
4 1206 754
4 668 743
4 1176 760
4 871 1028
4 414 854
4 650 917
4 298 789
4 264 648
4 257 605
4 1450 861
4 1147 785
4 771 780
4 568 706
4 393 675
4 860 680
4 1105 738
4 1134 604
4 1489 736
4 1265 705
4 927 869
4 417 759
4 1222 705
4 773 973
4 403 836
4 582 955
4 499 860
4 278 650
4 286 624
4 1487 870
4 1082 855
4 780 773
4 604 728
4 446 613
4 882 686
4 1092 718
4 1287 670
4 1393 666
4 1284 696
4 683 879
4 612 821
4 1283 756
4 380 873
4 178 1059
4 530 789
4 195 698
4 298 688
4 1501 1063
4 1121 880
4 803 820
4 616 734
4 460 614
4 820 689
4 1086 696
4 1257 656
4 1381 605
4 1312 709
4 113 905
4 790 687
4 111 626
4 346 852
4 413 782
4 565 809
4 352 1026
4 329 655
4 1294 1033
4 1140 896
4 940 754
4 686 729
4 505 651
4 670 661
4 1071 711
4 1271 661
4 1405 619
4 1334 761
4 954 969
4 1200 928
4 570 873
5 1085 795
5 293 663
5 1013 685
5 265 673
5 332 676
5 971 658
5 182 611
5 997 605
5 1032 620
5 664 788
5 858 619
5 1207 903
5 923 673
5 489 693
5 1016 607
5 716 717
5 1117 1096
5 1099 621
5 1209 850
5 1522 758
5 1474 1106
5 108 680
5 1105 854
5 486 733
5 1521 1006
5 1380 664
5 1459 758
5 857 993
5 1512 691
5 143 957
5 1374 705
5 328 976
5 1462 629
5 486 897
5 1298 642
5 133 836
5 1257 623
5 228 762
5 1222 618
5 362 738
5 1194 621
5 522 861
5 1347 843
5 213 709
5 1327 718
5 333 694
5 767 705
5 408 725
5 742 688
5 156 782
5 718 755
5 521 1098
5 706 820
5 267 986
5 691 683
5 832 1020
5 611 662
5 583 1114
5 595 776
5 859 972
5 533 809
5 845 889
5 565 661
5 1058 995
5 686 618
5 1323 900
5 816 616
5 971 868
5 526 612
5 998 880
5 445 674
5 833 859
5 386 684
5 852 757
5 378 640
5 1075 783
5 307 656
5 1032 690
5 234 669
5 106 701
5 944 671
5 203 605
5 1483 643
5 1007 626
5 759 785
5 1112 751
5 1248 661
5 1096 683
5 498 642
5 1047 607
5 851 788
5 1084 1102
5 1075 626
5 1185 828
5 1489 767
5 1509 1095
5 148 636
5 1101 889
5 302 693
5 1459 909
5 1350 1060
5 1499 789
5 999 699
5 736 1016
5 1514 707
5 124 949
5 1360 692
5 310 943
5 1479 629
5 515 928
5 1289 654
5 123 850
5 1249 620
5 328 799
5 1216 653
5 376 762
5 1243 774
5 529 831
5 1268 819
5 215 726
5 1145 841
5 177 813
5 793 726
5 392 713
5 749 666
5 506 693
5 742 734
5 470 1097
5 683 849
5 273 994
5 674 677
5 505 971
5 629 647
5 611 1122
5 573 778
5 889 1020
5 539 772
5 766 903
5 571 645
5 1039 1056
5 687 629
5 1268 960
5 794 608
5 1063 913
5 494 609
5 975 815
5 463 670
5 845 858
5 424 631
5 878 749
5 374 621
5 1052 780
5 302 645
5 905 695
5 222 652
5 170 715
5 945 656
5 198 625
5 1470 669
5 981 630
5 754 796
5 1123 758
5 1444 811
5 922 615
5 410 614
5 1072 615
5 913 678
5 784 1130
5 967 629
5 1428 936
5 1492 755
5 1327 1052
5 139 614
5 1100 924
5 372 689
5 1470 921
5 772 669
5 1474 783
5 1110 660
5 613 1029
5 1505 713
5 122 918
5 1376 686
5 279 976
5 1493 643
5 375 954
5 1320 657
5 620 824
5 1238 630
5 269 828
5 1173 618
5 383 778
5 1296 788
5 519 843
5 1190 769
5 183 724
5 1145 858
5 110 764
5 782 738
5 277 690
5 761 666
5 498 699
5 743 751
5 404 1075
5 677 857
5 237 996
5 649 666
5 478 1001
5 623 657
5 640 1108
5 573 797
5 918 1101
5 559 738
5 723 896
5 555 677
5 968 967
5 703 628
5 1238 959
5 567 897
5 1059 926
5 479 603
5 994 831
5 462 689
5 841 845
5 415 643
5 873 766
5 354 629
5 335 612
5 923 707
5 213 677
5 206 660
5 932 666
5 167 638
5 1199 638
5 998 640
5 546 645
5 1115 769
5 1435 819
5 935 626
5 466 710
5 1158 622
5 276 622
5 849 689
5 782 715
5 1481 1012
5 1424 685
5 1181 1096
5 1157 604
5 1102 940
5 135 859
5 1326 817
5 783 618
5 1450 785
5 1148 656
5 643 1028
5 1483 705
5 103 942
5 1393 689
5 239 970
5 1373 645
5 415 962
5 1374 635
5 610 859
5 1233 638
5 266 853
5 1261 613
5 277 791
5 1241 738
5 509 826
5 1189 788
5 196 739
5 1015 864
5 112 725
5 795 755
5 293 712
5 755 683
5 527 719
5 740 769
5 364 1088
5 743 854
5 392 1022
5 646 703
5 434 997
5 655 618
5 650 1112
5 586 683
5 890 1113
5 578 725
5 709 932
5 558 684
5 945 883
5 695 638
5 1220 940
5 571 831
5 1063 942
5 610 603
5 1057 814
5 450 697
5 873 829
5 427 650
5 884 784
5 351 639
5 1037 771
5 323 618
5 948 725
5 239 685
5 895 713
5 841 703
5 176 663
5 1174 739
5 1032 660
5 387 602
5 126 603
5 1113 792
5 1305 881
5 833 619
5 533 918
5 1130 624
5 276 607
5 1052 669
5 1080 766
5 1451 1016
5 1440 662
5 1302 840
5 1222 603
5 1233 833
5 124 632
5 771 877
5 741 628
5 1420 799
5 1157 670
5 1455 695
5 719 1097
5 1409 677
5 219 974
5 1325 678
5 420 888
5 1369 623
5 624 901
5 1234 651
5 213 862
5 1288 631
5 310 841
5 1200 610
5 477 795
5 1326 694
5 170 730
5 1130 666
5 287 755
5 822 745
5 324 726
5 834 661
5 523 743
5 723 639
5 387 1052
5 748 826
5 342 1048
5 650 725
5 307 1009
5 657 628
5 691 1110
5 626 684
5 856 1105
5 576 746
5 673 884
5 553 694
5 919 896
5 601 628
5 1132 1004
5 742 617
5 1020 892
5 622 610
5 1024 817
5 484 656
5 874 849
5 414 659
5 884 798
5 353 647
5 1010 803
5 322 632
5 996 758
5 245 696
5 968 676
5 185 683
5 509 679
5 1013 644
5 265 614
5 1355 726
5 1114 818
5 797 694
5 895 609
5 440 869
5 1113 608
5 320 602
5 1114 723
5 725 797
5 1451 1056
5 1413 654
5 1338 866
5 1384 615
5 1259 926
5 140 648
5 793 833
5 752 641
5 1406 795
5 1162 694
5 1457 718
5 581 1030
5 1414 704
5 207 969
5 1307 681
5 412 907
5 1348 619
5 616 964
5 1310 605
5 182 856
5 1279 611
5 166 883
5 1426 607
5 403 789
5 1089 607
5 137 721
5 1121 649
5 269 739
5 819 722
5 303 738
5 810 667
5 454 711
5 716 651
5 327 1122
5 730 835
5 322 1037
5 645 757
5 194 1032
5 671 626
5 732 1116
5 601 692
5 659 973
5 569 761
5 650 883
5 541 695
5 680 1024
5 561 616
5 1146 978
5 717 611
5 998 916
5 741 650
5 1035 836
5 482 668
5 947 807
5 430 675
5 919 770
5 358 657
5 996 779
5 1017 757
5 300 626
5 1073 668
5 253 671
5 422 602
5 952 635
5 249 628
5 1347 732
5 839 672
5 593 619
5 877 608
5 329 924
5 898 671
5 357 604
5 1156 707
5 879 734
5 1435 1089
5 1457 645
5 1320 856
5 1448 609
5 1481 801
5 141 662
5 778 850
5 520 661
5 1394 783
5 1216 676
5 1439 722
5 606 1070
5 1409 717
5 188 971
5 1350 676
5 375 912
5 1499 617
5 539 971
5 1301 612
5 169 835
5 1278 627
5 144 807
5 1218 637
5 367 698
5 1184 730
5 435 814
5 1130 700
5 249 718
5 1185 644
5 319 739
5 789 667
5 438 719
5 702 655
5 299 1117
5 718 785
5 235 1097
5 634 787
5 138 997
5 673 644
5 768 1092
5 601 678
5 552 1055
5 610 779
5 938 927
5 531 675
5 862 934
5 580 635
5 1152 943
5 727 609
5 993 903
5 812 652
5 1056 859
5 481 682
5 943 829
5 438 697
5 922 781
5 365 662
5 960 759
5 336 635
5 1090 839
5 301 672
5 1048 683
5 277 658
5 367 614
5 961 643
5 231 617
5 1404 653
5 861 644
5 674 778
5 857 608
5 630 742
5 889 674
5 447 651
5 879 707
5 935 768
5 1385 1057
5 1278 671
5 1258 838
5 1520 655
5 1415 872
5 134 668
5 816 819
5 434 644
5 1373 790
5 1356 649
5 1441 736
5 645 1082
5 1490 684
5 173 960
5 1363 713
5 346 975
5 1453 622
5 489 873
5 1281 646
5 149 842
5 1263 632
5 237 749
5 1221 629
5 367 726
5 1302 730
5 424 835
5 1373 760
5 237 711
5 1312 735
5 343 710
5 766 687
5 410 694
5 722 673
5 137 686
5 701 774
5 497 1060
5 668 799
5 146 1012
5 699 677
5 794 1021
5 601 653
5 549 1088
5 602 764
5 951 1057
5 525 690
5 850 875
5 581 648
5 1163 961
5 705 608
5 1315 1023
5 801 618
5 1078 865
5 471 699
5 935 850
5 423 687
5 840 809
5 357 679
5 976 773
5 389 638
6 1361 986
6 1291 1058
6 891 651
6 1481 684
6 1118 633
6 771 1009
6 1012 1110
6 767 651
6 1414 630
6 614 900
6 976 1108
6 371 646
6 1401 634
6 1398 656
6 326 937
6 714 623
6 1410 636
6 994 1120
6 119 1009
6 499 625
6 1433 638
6 163 1014
6 998 666
6 1414 1056
6 922 637
6 1466 607
6 995 739
6 1453 940
6 1036 632
6 1478 603
6 1158 645
6 1065 750
6 1195 1038
6 1177 655
6 1493 605
6 877 638
tiff6/201210232107-5.bin-525.tiff
3 496 563
3 503 1033
3 887 1079
3 654 622
3 813 391
3 1497 542
3 205 687
3 776 415
3 680 639
3 481 555
3 117 1090
3 922 1058
3 543 567
3 832 391
3 1408 558
3 203 672
3 798 410
3 900 478
3 361 627
3 110 1072
3 908 1044
3 947 701
3 947 427
3 1292 948
3 461 901
3 890 350
3 902 492
3 135 481
3 483 1031
3 901 1066
3 926 682
3 773 525
3 1282 956
3 370 885
3 425 534
3 865 463
3 480 465
3 432 808
3 861 1050
3 923 695
3 856 453
3 1281 130
3 357 882
3 410 532
3 636 264
3 155 476
3 511 574
3 860 1068
3 634 757
3 841 455
3 1230 212
3 358 870
3 465 526
3 650 258
3 959 549
3 174 473
3 508 554
3 905 1094
3 795 907
3 850 440
3 1313 197
3 331 1060
3 221 699
3 652 273
3 895 567
3 493 544
3 888 1108
3 686 908
3 821 447
3 856 377
3 1337 414
3 205 700
3 861 407
3 674 647
4 528 408
4 352 1073
4 604 300
4 651 282
4 561 165
4 853 658
4 429 767
4 1111 766
4 365 351
4 746 235
4 746 287
4 891 338
4 670 357
4 784 506
4 886 705
4 828 690
4 817 789
4 608 681
4 672 840
4 724 1016
4 1018 1075
4 1061 997
4 1268 882
4 1115 831
4 1223 996
4 213 149
4 1368 693
4 183 220
4 1047 654
4 477 301
4 1096 560
4 336 341
4 987 607
4 390 179
4 1150 455
4 220 254
4 982 459
4 249 544
4 1162 368
4 310 733
4 1233 404
4 268 822
4 1029 234
4 350 1041
4 1164 198
4 540 956
4 1026 261
4 543 843
4 1259 118
4 372 705
4 1414 495
4 518 611
4 1312 540
4 528 556
4 1182 571
4 513 496
4 1135 895
4 520 412
4 483 1019
4 553 329
4 650 265
4 583 157
4 869 571
4 473 754
4 1015 928
4 441 341
4 722 232
4 753 291
4 927 342
4 708 369
4 803 483
4 627 512
4 805 702
4 685 758
4 797 719
4 786 809
4 667 993
4 1002 1052
4 1017 995
4 1243 876
4 1103 948
4 1070 902
4 203 155
4 1267 676
4 202 199
4 994 779
4 494 267
4 1018 545
4 298 352
4 1224 531
4 375 179
4 1083 459
4 322 229
4 1014 457
4 326 564
4 1325 341
4 237 739
4 1264 341
4 254 789
4 1004 268
4 300 977
4 1206 181
4 397 1002
4 1217 196
4 575 843
4 1227 153
4 591 760
4 1469 458
4 476 599
4 1407 528
4 478 527
4 1458 675
4 520 525
4 1327 877
4 588 460
4 1508 1105
4 558 342
4 651 249
4 587 200
4 784 541
4 443 934
4 962 813
4 368 400
4 202 208
4 764 291
4 915 341
4 700 371
4 885 580
4 948 445
4 829 636
4 749 766
4 845 773
4 813 818
4 817 747
4 1002 962
4 1369 1072
4 1207 859
4 1095 929
4 1307 837
4 202 140
4 1174 675
4 214 180
4 1105 668
4 479 255
4 1042 566
4 291 359
4 1329 534
4 379 217
4 1103 479
4 419 280
4 1025 460
4 308 563
4 1339 345
4 326 657
4 1062 368
4 258 798
4 1247 246
4 128 993
4 1240 198
4 405 989
4 1334 300
4 455 839
4 1163 141
4 519 846
4 1419 470
4 609 645
4 1511 510
4 458 561
4 1471 670
4 551 550
4 1408 869
4 1450 1115
4 468 410
4 658 247
4 578 204
4 627 591
4 607 151
4 938 814
4 497 392
4 473 343
4 776 283
4 940 377
4 804 330
4 875 342
4 655 555
4 814 641
4 635 742
4 951 688
4 965 887
4 912 778
4 752 941
4 1358 1085
4 1183 915
4 1093 917
4 1193 824
4 207 173
4 1286 667
4 165 176
4 1101 800
4 491 223
4 1146 625
4 199 337
4 1081 516
4 359 146
4 1124 481
4 350 275
4 1038 467
4 297 567
4 1360 354
4 296 623
4 1039 295
4 236 815
4 1360 260
4 180 915
4 1113 197
4 456 978
4 1208 292
4 441 829
4 1128 129
4 577 812
4 1510 290
4 603 625
4 1486 505
4 607 589
4 1490 678
4 611 556
4 1456 922
4 499 459
4 1458 1097
4 607 414
4 396 1074
4 417 228
4 924 241
4 478 135
4 978 732
4 399 424
4 291 452
4 784 268
4 928 379
4 824 334
4 590 272
4 697 538
4 835 674
4 648 732
4 558 768
4 936 883
4 675 777
4 831 1093
4 1321 1074
4 1216 905
4 1028 895
4 1217 821
4 193 175
4 1312 656
4 158 176
4 1376 805
4 506 216
4 1211 609
4 189 341
4 1070 524
4 273 364
4 1169 495
4 364 275
4 1051 481
4 230 473
4 1314 372
4 298 596
4 1189 355
4 160 744
4 1393 330
4 281 906
4 1107 200
4 475 982
4 1199 279
4 477 852
4 1148 126
4 561 818
4 1498 271
4 583 707
4 1495 516
4 425 591
4 1443 663
4 595 551
4 1461 860
4 517 462
4 1484 994
4 618 415
4 238 1119
4 433 212
4 605 172
4 325 186
4 663 728
4 620 681
4 206 412
4 684 270
4 785 349
4 854 366
4 573 270
4 713 559
4 937 636
4 675 701
4 570 769
4 800 920
4 538 881
4 846 1051
4 1307 1066
4 1276 968
4 1001 890
4 1391 861
4 1328 802
4 142 144
4 1399 798
4 495 189
4 1244 615
4 535 306
4 1089 535
4 264 355
4 1157 488
4 255 104
4 1035 425
4 214 485
4 1213 368
4 278 602
4 985 379
4 343 786
4 1223 321
4 129 888
4 1099 191
4 457 998
4 1040 184
4 386 905
4 1073 119
4 448 890
4 1448 401
4 469 678
4 1463 527
4 454 605
4 1415 665
4 588 554
4 1501 862
4 595 492
4 557 397
4 483 1130
4 530 267
4 629 192
4 335 195
4 616 758
4 620 739
4 895 1123
4 196 419
4 620 245
4 763 355
4 971 321
4 635 353
4 746 457
4 908 642
4 693 709
4 929 724
4 800 883
4 646 983
4 747 1009
4 1231 1035
4 1253 1126
4 983 884
4 1125 836
4 1353 813
4 211 129
4 1386 729
4 479 191
4 1267 590
4 512 307
4 1073 548
4 259 359
4 1331 467
4 132 198
4 1329 434
4 193 480
4 1258 523
4 338 597
4 1003 371
4 235 775
4 1100 404
4 312 798
4 1121 190
4 327 1080
4 1147 193
4 480 918
4 1122 154
4 519 932
4 1418 378
4 516 667
4 1450 507
4 443 598
4 1423 422
4 575 549
4 1479 868
4 571 496
4 1471 1001
4 541 412
4 462 1112
4 554 285
4 535 218
4 374 115
4 764 778
4 421 776
4 933 736
4 455 361
4 752 182
4 694 280
4 962 327
4 652 358
4 756 508
4 900 708
4 721 721
4 931 765
4 630 938
4 969 965
4 694 1029
4 1047 1061
4 1226 955
4 1404 954
4 1073 842
4 1239 978
4 220 139
4 1374 732
4 406 248
4 1077 652
4 490 302
4 1070 566
4 347 331
4 1354 455
4 274 206
4 1170 422
4 347 491
4 1318 491
4 200 506
4 1146 360
4 221 778
4 1114 412
4 278 802
4 1051 240
4 261 1104
4 1178 204
4 597 982
4 1142 158
4 400 849
4 1501 215
4 502 684
4 1432 523
4 433 602
4 1294 516
4 570 541
4 1186 594
4 529 528
4 1493 980
5 155 429
5 405 908
5 1018 811
5 543 643
5 256 176
5 506 624
5 1317 578
5 1065 376
5 588 435
5 105 419
5 500 906
5 1041 896
5 576 588
5 499 227
5 115 487
5 1373 530
5 1108 377
5 619 385
5 169 409
5 504 813
5 923 893
5 588 647
5 509 264
5 142 522
5 1409 577
5 1139 324
5 643 362
5 120 341
5 369 773
5 932 828
5 663 582
5 169 191
5 184 541
5 1378 598
5 1160 379
5 642 322
5 131 328
5 124 870
5 1183 640
5 679 565
5 470 177
5 247 566
5 1403 642
5 1097 437
5 687 361
5 106 328
5 469 792
5 1270 665
5 754 568
5 424 159
5 263 527
5 1311 624
5 975 290
5 752 351
5 198 324
5 461 877
5 1249 791
5 791 597
5 411 176
5 339 530
5 1256 619
5 1104 569
5 691 390
5 216 344
5 116 751
5 1143 800
5 826 575
5 419 125
5 399 549
5 1230 579
5 1138 552
5 661 418
5 246 385
5 137 708
5 1236 727
5 873 652
5 283 165
5 463 507
5 1213 539
5 1123 526
5 738 409
5 187 387
5 173 693
5 1336 750
5 906 624
5 295 143
5 522 488
5 1464 637
5 1135 462
5 844 435
5 193 396
5 172 723
5 1300 823
5 743 617
5 252 146
5 318 495
5 1455 551
5 1174 533
5 814 345
5 269 343
5 295 732
5 1227 839
5 581 688
5 352 104
5 309 511
5 1343 702
5 1092 657
5 809 287
5 341 316
5 332 705
5 1155 917
5 637 692
5 159 104
5 429 476
5 1445 743
5 112 1126
5 1135 597
5 899 323
5 152 397
5 368 726
5 1172 823
5 763 688
5 128 134
5 277 471
5 1454 870
5 188 1066
5 1121 655
5 881 377
5 262 299
5 381 670
5 1265 908
5 843 707
5 187 154
5 205 462
5 1383 1001
5 221 1054
5 1151 731
5 704 300
5 315 288
5 408 731
5 1324 849
5 709 707
5 510 130
5 381 480
5 1261 999
5 123 1028
5 1143 770
5 763 338
5 352 242
5 388 754
5 1324 885
5 697 658
5 566 194
5 407 450
5 1212 965
5 152 976
5 1087 758
5 555 535
5 400 264
5 511 725
5 1379 843
5 139 417
5 564 206
5 460 450
5 1110 1027
5 251 988
5 1071 721
5 541 471
5 419 267
5 457 664
5 1481 795
5 781 558
5 550 254
5 442 410
5 1005 836
5 311 1012
5 1017 767
5 589 515
5 498 286
5 535 693
5 1505 768
5 933 526
5 597 202
5 513 454
5 1161 1041
5 336 996
5 962 766
5 632 485
5 452 244
5 340 684
5 1437 231
5 955 484
5 649 234
5 534 419
5 1105 1060
5 334 952
5 913 752
5 648 435
5 433 187
5 293 680
5 1394 165
5 1004 563
5 676 191
5 530 359
5 1403 1124
5 489 1090
5 873 783
5 684 519
5 412 191
5 250 649
5 1385 137
5 997 507
5 682 212
5 519 341
5 720 1092
5 418 1039
5 789 756
5 694 479
5 356 207
5 170 642
5 1178 238
5 994 485
5 699 263
5 456 329
5 813 1037
5 496 959
5 1019 699
5 703 444
5 294 213
5 526 679
5 1475 253
5 990 422
5 750 257
5 398 335
5 768 1000
5 112 938
5 597 795
5 728 512
5 249 270
5 430 644
5 1374 240
5 922 644
5 825 220
5 402 298
5 589 1076
5 260 922
5 599 838
5 735 477
5 255 225
5 342 644
5 1246 349
5 943 577
5 864 210
5 188 429
5 692 1101
5 357 923
5 549 919
5 786 485
5 226 272
5 147 633
5 1278 396
5 942 609
5 829 275
5 263 445
5 562 1005
5 107 818
5 697 787
5 773 446
5 201 272
5 148 582
5 1300 410
5 989 591
5 769 194
5 295 396
5 963 1124
5 154 778
5 753 812
5 644 524
5 186 246
5 193 563
5 1372 464
5 1026 597
5 919 175
5 325 406
5 1047 1099
5 209 810
5 746 877
5 835 496
5 148 258
5 192 633
5 1349 480
5 1017 688
5 930 114
5 334 361
5 1356 173
5 162 880
5 738 930
5 875 509
5 162 227
5 241 604
5 1246 490
5 972 652
5 692 139
5 393 392
5 851 980
5 232 885
5 645 894
5 927 486
5 143 276
5 259 594
5 1204 449
5 1051 532
5 628 213
5 382 423
5 1470 1018
5 296 880
5 662 763
5 826 521
5 230 201
5 410 631
5 1207 341
5 1016 155
5 561 312
5 315 457
5 321 857
5 828 847
5 859 511
5 119 194
5 395 596
5 1475 485
5 990 198
5 606 285
5 439 383
5 270 857
5 784 833
5 753 544
5 183 311
5 432 556
5 1504 414
5 1042 345
5 572 376
5 351 361
5 334 809
5 874 851
5 738 497
5 287 248
5 362 575
5 1211 503
5 1035 393
5 547 313
5 401 896
5 1005 816
5 880 418
5 245 180
5 261 553
5 1298 582
5 1070 400
5 584 422
5 117 420
5 439 908
5 1089 883
5 575 607
5 377 188
5 110 477
5 1368 539
5 1112 392
5 602 385
5 138 403
5 490 810
5 912 904
5 591 625
5 516 265
5 136 531
5 1382 569
5 1156 328
5 640 371
5 119 352
5 532 773
5 877 871
5 639 589
5 180 198
5 158 531
5 1377 605
5 1166 405
5 668 327
5 139 329
5 250 821
5 1178 636
5 687 571
5 484 170
5 217 563
5 1392 649
5 1089 447
5 706 348
5 129 312
5 456 817
5 1255 652
5 748 577
5 423 150
5 256 513
5 1339 612
5 957 301
5 747 351
5 186 332
5 312 1057
5 1270 746
5 791 612
5 422 178
5 332 544
5 1266 635
5 1114 572
5 699 386
5 233 328
5 103 765
5 1183 796
5 834 604
5 398 127
5 393 553
5 1222 572
5 1159 560
5 669 415
5 247 398
5 131 700
5 1228 748
5 821 553
5 287 157
5 445 506
5 1203 540
5 1114 521
5 726 430
5 195 381
5 166 668
5 1211 692
5 890 631
5 288 144
5 534 503
5 1465 607
5 1139 487
5 833 431
5 181 396
5 186 733
5 1320 814
5 752 631
5 258 140
5 334 493
5 1506 590
5 1172 545
5 805 349
5 258 339
5 277 742
5 1250 847
5 563 682
5 331 107
5 293 518
5 1330 696
5 1064 633
5 831 287
5 335 320
5 312 699
5 1147 940
5 644 714
5 164 125
5 431 488
5 1457 707
5 1131 624
5 894 327
5 327 293
5 355 740
5 1154 832
5 775 708
5 136 127
5 286 477
5 1455 695
5 200 1064
5 1157 668
5 936 348
5 252 296
5 377 680
5 1237 909
5 814 660
5 148 193
5 210 469
5 1394 975
5 222 1067
5 1148 718
5 686 297
5 315 275
5 402 721
5 1370 896
5 719 635
5 490 124
5 234 456
5 1265 1013
5 102 1047
5 1135 778
5 756 326
5 349 254
5 412 752
5 967 827
5 692 689
5 553 181
5 403 438
5 1177 946
5 161 983
5 1090 769
5 508 543
5 398 285
5 515 753
5 1502 887
5 239 420
5 557 211
5 446 448
5 1111 996
5 228 969
5 1087 722
5 549 490
5 412 268
5 439 671
5 1492 813
5 624 431
5 558 265
5 434 423
5 1042 1011
5 289 994
5 1040 772
5 580 519
5 481 291
5 533 703
5 1410 783
5 922 530
5 594 208
5 496 451
5 1166 1063
5 322 1001
5 957 776
5 627 495
5 444 241
5 332 686
5 1418 238
5 935 471
5 634 237
5 534 440
5 1100 1049
5 361 950
5 902 750
5 645 421
5 444 202
5 299 672
5 1348 236
5 996 568
5 665 202
5 536 367
5 1393 1081
5 487 1104
5 867 765
5 684 480
5 400 193
5 243 645
5 1390 143
5 997 513
5 690 221
5 510 346
5 1354 771
5 429 1052
5 812 764
5 698 485
5 356 224
5 172 650
5 1210 233
5 1003 485
5 709 264
5 449 329
5 814 1052
5 535 1003
5 928 708
5 694 445
5 299 225
5 517 684
5 1498 166
5 991 438
5 747 263
5 406 335
5 762 1006
5 532 1033
5 590 779
5 715 518
5 276 287
5 430 653
5 1409 251
5 919 668
5 814 235
5 394 305
5 585 974
5 260 937
5 595 853
5 710 470
5 228 227
5 359 653
5 1258 350
5 926 566
5 866 230
5 174 420
5 742 1121
5 371 934
5 544 940
5 770 498
5 241 211
5 138 627
5 1252 393
5 959 606
5 913 247
5 252 436
5 574 1018
5 425 923
5 701 795
5 760 460
5 204 278
5 149 604
5 1276 432
5 978 582
5 768 204
5 284 391
5 843 1118
5 151 817
5 738 793
5 649 475
5 198 233
5 192 554
5 1373 446
5 1027 606
5 886 157
5 315 403
5 978 1063
5 211 782
5 743 861
5 838 481
5 153 270
5 205 627
5 1337 491
5 1028 679
5 932 125
5 327 361
5 1004 334
5 186 886
5 717 921
5 865 483
5 166 232
5 231 619
5 1255 457
5 983 635
5 804 130
5 380 378
5 884 967
5 221 880
5 653 933
5 919 466
5 131 280
5 256 583
5 1201 461
5 1044 519
5 633 200
5 373 428
5 1029 1037
5 290 872
5 642 808
5 833 535
5 240 190
5 393 626
5 1188 366
5 1012 164
5 562 326
5 355 433
5 335 865
5 806 864
5 877 518
5 111 210
5 404 599
5 1456 482
5 990 179
5 597 280
5 430 380
5 257 864
5 815 831
5 755 533
5 298 426
5 435 562
5 1487 435
5 1059 271
5 637 296
5 471 356
5 318 811
5 911 836
5 758 521
5 189 274
5 346 575
5 1194 517
5 1030 395
5 598 315
5 157 441
5 883 407
5 233 210
5 261 568
5 1281 580
5 1068 417
5 595 421
5 103 427
5 387 850
5 1068 792
5 568 605
5 325 176
5 102 483
5 1349 540
5 1100 394
5 586 380
5 134 383
5 483 819
5 915 920
5 572 617
5 514 288
5 159 500
5 1376 572
5 1159 348
5 630 365
5 140 366
5 525 782
5 880 896
5 643 564
5 213 199
5 155 543
5 1398 605
5 1154 418
5 653 328
5 149 326
5 259 838
5 1182 621
5 696 578
5 503 168
5 209 557
5 1393 673
5 1104 450
5 695 349
5 123 319
5 442 814
5 1241 659
5 741 570
5 435 149
5 248 512
5 1345 615
5 1106 416
5 740 329
5 127 302
5 415 1022
5 1264 754
5 782 581
5 431 177
5 311 527
5 1301 643
5 1099 589
5 705 406
5 229 325
5 106 776
5 1190 767
5 828 613
5 378 143
5 386 546
5 1203 594
5 1151 588
5 680 414
5 260 390
5 122 695
5 1221 737
5 820 564
5 293 155
5 450 521
5 1208 547
5 1110 528
5 702 418
5 201 390
5 166 681
5 1191 689
5 867 616
5 281 147
5 535 512
5 1425 617
5 1118 460
5 799 434
5 180 405
5 193 738
5 1306 809
5 753 643
5 264 143
5 332 501
5 1493 639
5 1162 540
5 845 348
5 248 340
5 267 755
5 1291 879
5 554 695
5 267 110
5 301 486
5 1329 705
5 1061 614
5 838 299
5 329 323
5 310 708
5 1120 944
5 626 715
5 159 131
5 424 496
5 1445 702
5 1127 615
5 886 303
5 336 300
5 343 746
5 1161 843
5 752 698
5 138 133
5 268 479
5 1418 678
5 195 1048
5 1143 662
5 934 360
5 255 308
5 376 691
5 1226 927
5 809 690
5 102 132
5 195 490
5 1470 962
5 208 1081
5 1149 704
5 775 265
5 307 277
5 393 725
5 1370 913
5 889 658
5 471 122
5 241 463
5 1247 989
5 293 1085
5 1160 771
5 737 310
5 343 246
5 410 763
5 1086 811
5 719 655
5 546 184
5 394 441
5 1166 958
5 159 999
5 1077 782
5 542 326
5 400 275
5 512 765
5 1518 934
5 311 439
5 561 140
5 438 452
5 1119 962
5 222 982
5 1096 745
5 554 497
5 422 249
5 453 678
5 1461 814
5 666 523
5 549 268
5 455 419
5 1005 1024
5 292 988
5 1034 759
5 589 533
5 473 281
5 475 664
5 1421 784
5 924 536
5 603 207
5 482 436
5 1153 1087
5 351 1012
5 981 697
5 612 512
5 439 256
5 305 693
5 1409 235
5 947 490
5 629 231
5 536 451
5 1086 1032
5 343 964
5 893 764
5 632 420
5 474 204
5 291 671
5 1361 233
5 987 560
5 665 211
5 527 370
5 1396 1101
5 419 1101
5 867 749
5 677 490
5 403 203
5 248 696
5 1474 166
5 987 535
5 702 210
5 500 349
5 1294 988
5 457 1043
5 784 780
5 692 492
5 368 225
5 164 656
5 1213 216
5 1009 499
5 700 242
5 458 302
5 798 1037
5 522 978
5 741 733
5 668 443
5 303 229
5 102 650
5 1491 183
5 973 429
5 727 262
5 426 334
5 768 1027
5 460 1058
5 1121 769
5 740 437
5 318 209
5 464 638
5 1394 251
5 890 532
5 821 242
5 391 298
5 617 968
5 227 924
5 635 839
5 721 476
5 219 233
5 369 646
5 1286 352
5 919 571
5 851 192
5 169 435
5 729 1129
5 340 943
5 566 941
5 769 478
5 250 213
5 128 629
5 1258 379
5 961 626
5 953 246
5 253 448
5 602 1014
5 109 1010
5 680 803
5 801 444
5 205 285
5 147 612
5 1254 442
5 969 586
5 774 216
5 285 401
5 864 1128
5 141 797
5 728 807
5 657 479
5 198 254
5 171 554
5 1374 430
5 1019 607
5 856 121
5 310 408
5 977 1075
5 192 791
5 730 857
5 843 471
5 157 277
5 216 607
5 1361 496
5 1019 671
5 936 132
5 332 371
5 601 687
5 173 836
5 705 937
5 860 476
5 160 243
5 262 632
5 1259 463
5 990 633
5 905 124
5 378 388
5 895 977
5 213 898
5 652 941
5 926 502
5 137 285
5 240 573
5 1208 455
5 1033 509
5 739 206
5 415 419
5 981 987
5 271 874
5 631 810
5 882 458
5 250 203
5 357 602
5 1183 388
5 897 531
5 656 190
5 330 431
5 329 877
5 822 874
5 863 532
5 113 220
5 378 590
5 1283 441
5 971 141
5 575 281
5 439 395
5 300 850
5 862 826
5 773 537
5 374 479
5 436 574
5 1506 439
5 1137 268
5 650 298
5 467 365
5 291 808
5 899 847
5 746 513
5 195 290
5 520 583
5 1306 317
5 975 338
5 593 321
5 147 447
5 394 891
5 945 822
5 332 240
5 344 556
5 1268 570
5 1058 408
5 579 413
5 107 434
5 419 879
5 1053 819
5 556 592
5 300 180
5 104 498
5 1354 555
5 1101 362
5 578 385
5 134 392
5 512 870
5 947 914
5 570 625
5 517 296
5 151 495
5 1360 599
5 1143 341
5 630 374
5 164 366
5 532 792
5 866 897
5 632 548
5 213 220
5 120 511
5 1395 611
5 1134 385
5 652 346
5 151 333
5 238 851
5 1080 854
5 691 581
5 134 182
5 219 545
5 1370 661
5 1128 424
5 699 336
5 145 301
5 530 806
5 1233 629
5 708 546
5 450 133
5 235 517
5 1357 647
5 1055 449
5 733 325
5 132 294
5 435 1011
5 1261 729
5 776 591
5 446 156
5 302 523
5 1287 605
5 1092 591
5 699 399
5 225 334
5 115 914
5 1190 780
5 823 615
5 375 153
5 373 538
5 1219 587
5 1133 582
5 681 397
5 258 378
5 110 716
5 1210 744
5 878 556
5 340 138
5 449 542
5 1204 560
5 1100 525
5 694 422
5 209 388
5 153 684
5 1184 700
5 851 608
5 272 151
5 492 491
5 1299 558
5 1053 491
5 795 425
5 190 402
5 183 754
5 1302 792
5 805 626
5 262 131
5 346 503
5 1505 650
5 1157 540
5 831 365
5 238 350
5 224 726
5 1282 857
5 556 709
5 280 107
5 294 499
5 1347 734
5 1064 607
5 839 319
5 329 329
5 282 701
5 1271 842
5 548 655
5 155 136
5 427 505
5 1419 708
5 1112 601
5 884 314
5 305 291
5 318 771
5 1195 871
5 748 711
5 136 143
5 488 477
5 1512 661
5 159 1036
5 1154 645
5 938 316
5 251 315
5 357 689
5 1261 944
5 779 690
5 109 132
5 279 456
5 1450 980
5 253 1070
5 1142 706
5 852 268
5 298 285
5 384 707
5 1345 888
5 874 664
5 386 131
5 158 461
5 1236 1008
5 280 1065
5 1155 742
5 733 286
5 327 255
5 413 716
5 1097 838
5 710 655
5 613 132
5 391 456
5 1163 982
5 186 991
5 1066 775
5 546 331
5 390 275
5 478 739
5 1480 922
5 259 493
5 553 142
5 437 440
5 1133 981
5 210 969
5 1088 739
5 567 508
5 393 227
5 449 689
5 1443 788
5 644 453
5 533 256
5 450 426
5 1092 863
5 278 971
5 1028 737
5 545 433
5 450 279
5 497 666
5 1385 752
5 923 543
5 604 217
5 485 451
5 1160 1125
5 341 1016
5 1007 728
5 613 501
5 444 261
5 279 685
5 1414 212
5 948 497
5 626 222
5 529 448
5 1077 1054
5 370 971
5 899 774
5 608 439
5 466 205
5 309 664
5 1381 236
5 976 565
5 655 207
5 516 363
5 1374 1103
5 444 1091
5 860 729
5 678 478
5 399 211
5 236 670
5 1456 160
5 976 529
5 704 191
5 524 327
5 1455 1058
5 504 1048
5 826 717
5 694 503
5 371 233
5 147 673
5 1221 236
5 1017 496
5 696 234
5 466 314
5 794 1054
5 521 993
5 777 721
5 679 448
5 312 225
5 113 650
5 1507 195
5 977 448
5 671 265
5 425 323
5 786 991
5 395 1051
5 1105 735
5 727 442
5 316 194
5 450 639
5 1404 242
5 986 364
5 810 254
5 358 309
5 627 969
5 202 936
5 647 824
5 713 481
5 228 245
5 380 638
5 1457 334
5 903 568
5 838 180
5 179 449
5 686 1128
5 343 925
5 598 940
5 753 477
5 255 218
5 154 663
5 1255 368
5 962 636
5 940 228
5 241 442
5 636 1017
5 165 917
5 686 810
5 781 450
5 221 280
5 183 614
5 1248 429
5 958 584
5 759 228
5 275 405
5 802 1085
5 146 805
5 711 810
5 646 483
5 199 259
5 182 561
5 1360 436
5 1016 616
5 857 130
5 310 417
5 963 1093
5 197 801
5 726 833
5 825 463
5 153 290
5 213 591
5 1377 493
5 1025 646
5 940 186
5 311 374
5 556 1079
5 173 844
5 740 901
5 854 486
5 169 240
5 231 654
5 1259 472
5 995 642
5 890 118
5 369 387
5 910 1004
5 209 908
5 674 924
5 925 515
5 162 196
5 201 577
5 1238 468
5 1032 520
5 717 186
5 409 425
5 788 971
5 281 894
5 628 896
5 877 439
5 135 244
5 359 592
5 1211 399
5 730 571
5 721 146
5 324 438
5 337 890
5 838 885
5 898 525
5 435 220
5 380 606
5 1180 487
5 991 137
5 596 290
5 428 395
5 305 843
5 862 842
5 801 501
5 493 534
5 412 549
5 1512 465
5 1153 207
5 646 303
5 453 379
5 292 822
5 906 868
5 737 523
5 211 293
5 491 576
5 1290 320
5 989 352
5 585 330
5 128 444
5 423 837
5 954 836
5 868 377
5 374 554
5 1281 536
5 1053 429
5 556 382
5 120 431
5 431 878
5 1047 801
5 559 601
5 297 171
5 468 610
5 1348 567
5 1085 335
5 577 394
5 113 372
5 491 864
5 976 937
5 579 630
5 524 173
5 147 490
5 1358 583
5 1118 324
5 647 381
5 156 372
5 503 774
5 866 954
5 611 564
5 245 225
5 129 503
5 1418 606
5 1134 404
5 661 342
5 142 337
5 223 862
5 1031 860
5 700 593
5 109 192
5 205 541
5 1370 670
5 1115 447
5 693 323
5 153 311
5 520 810
5 1229 667
5 689 548
5 453 139
5 243 532
5 1381 635
5 1061 456
5 729 332
5 108 297
5 380 979
5 1250 716
5 766 587
5 455 163
5 296 535
5 1298 609
5 1034 583
5 716 370
5 214 333
5 123 925
5 1223 799
5 826 593
5 396 159
5 362 551
5 1252 584
5 1129 591
5 675 404
5 248 361
5 129 725
5 1213 756
5 846 548
5 324 135
5 438 545
5 1202 567
5 1101 535
5 696 435
5 209 395
5 151 696
5 1192 703
5 843 627
5 266 157
5 497 504
5 1169 583
5 1089 498
5 786 434
5 205 368
5 169 744
5 1292 781
5 793 635
5 286 127
5 346 513
5 1506 607
5 1147 517
5 823 406
5 198 426
5 211 739
5 1311 855
5 725 594
5 302 105
5 278 504
5 1337 735
5 874 474
5 829 310
5 316 331
5 294 713
5 1269 835
5 564 661
5 157 148
5 416 504
5 1401 692
5 1112 614
5 876 314
5 310 300
5 288 780
5 1194 889
5 621 626
5 129 145
5 472 479
5 1511 686
5 147 1051
5 1163 644
5 918 320
5 243 303
5 344 700
5 1161 809
5 765 651
5 113 140
5 274 463
5 1440 1004
5 237 1098
5 1091 674
5 880 288
5 294 291
5 409 681
5 1307 892
5 858 683
5 383 139
5 120 462
5 1318 975
5 277 1045
5 1154 751
5 713 293
5 337 253
5 435 708
5 1116 869
5 711 668
5 594 122
5 383 458
5 1161 1008
5 196 1025
5 1110 780
5 559 368
5 389 288
5 452 739
5 1418 912
5 903 688
5 575 167
5 428 453
5 1140 989
5 187 948
5 1074 742
5 548 510
5 386 230
5 439 691
5 1441 802
5 625 451
5 563 245
5 448 431
5 1077 983
5 274 954
5 1038 735
5 559 421
5 446 274
5 489 677
5 1396 761
5 918 545
5 594 226
5 468 393
5 1133 1115
5 325 1036
5 992 740
5 619 523
5 466 254
5 269 690
5 1420 189
5 954 495
5 618 221
5 513 428
5 1084 1073
5 351 971
5 956 729
5 615 461
5 480 221
5 319 667
5 1392 227
5 953 558
5 649 214
5 506 362
5 1275 1062
5 395 1090
5 872 718
5 670 467
5 408 223
5 234 676
5 1441 151
5 968 531
5 697 176
5 532 328
5 1475 1100
5 506 1064
5 840 723
5 699 512
5 371 248
5 104 674
5 1358 126
5 1018 510
5 692 229
5 467 323
5 774 1052
5 479 998
5 775 739
5 679 461
5 331 218
5 120 663
5 1288 288
5 982 471
5 671 279
5 434 327
5 797 997
5 385 1019
5 1114 748
5 724 449
5 310 188
5 473 647
5 1482 218
5 968 381
5 786 240
5 374 309
5 645 964
5 136 934
5 654 809
5 708 480
5 237 239
5 380 651
5 1422 333
5 914 578
5 824 204
5 176 456
5 666 1126
5 317 936
5 616 928
5 750 484
5 263 216
5 311 638
5 1244 364
5 946 631
5 922 225
5 235 447
5 644 1033
5 457 944
5 674 813
5 786 455
5 223 293
5 184 621
5 1235 426
5 931 581
5 802 270
5 261 412
5 784 1081
5 156 840
5 725 782
5 662 494
5 205 249
5 186 572
5 1312 430
5 1013 596
5 838 131
5 310 424
5 978 1097
5 187 815
5 737 824
5 820 467
5 168 284
5 206 594
5 1400 474
5 1050 631
5 955 171
5 314 378
5 549 1094
5 198 834
5 748 905
5 851 494
5 168 248
5 234 634
5 1256 479
5 996 652
5 915 128
5 357 384
5 872 1003
5 208 916
5 703 877
5 912 508
5 153 201
5 208 579
5 1223 468
5 1033 529
5 716 195
5 418 428
5 808 976
5 255 885
5 668 848
5 891 425
5 147 244
5 343 586
5 1214 428
5 838 657
5 797 157
5 318 431
5 331 910
5 839 900
5 883 540
5 516 243
5 430 630
5 1206 487
5 993 150
5 589 301
5 397 375
5 328 830
5 862 854
5 799 516
5 512 517
5 413 565
5 1496 460
5 1139 217
5 622 293
5 464 384
5 278 825
5 923 866
5 732 533
5 203 296
5 481 590
5 1380 375
5 1040 335
5 569 344
5 128 453
5 413 814
5 987 846
5 877 394
5 313 252
5 1048 411
5 529 383
5 127 433
5 437 886
5 1043 812
5 544 585
5 291 183
5 481 637
5 1329 546
5 1086 351
5 571 398
5 117 386
5 478 884
5 1009 940
5 557 620
5 523 195
5 131 494
5 1346 596
5 1111 348
5 644 395
5 166 379
5 503 780
5 909 952
5 622 566
5 241 268
5 128 520
5 1416 594
5 1123 279
5 660 360
5 132 345
5 230 870
5 1046 866
5 703 616
5 110 178
5 202 536
5 1345 670
5 1131 443
5 679 325
5 136 305
5 371 825
5 1205 667
5 696 553
5 460 151
5 244 552
5 1442 636
5 1072 455
5 717 339
5 113 302
5 414 966
5 1241 705
5 769 576
5 451 169
5 289 551
5 1316 597
5 1068 583
5 717 378
5 214 324
5 150 907
5 1216 781
5 811 587
5 390 165
5 356 534
5 1237 591
5 1119 582
5 662 392
5 227 361
5 146 747
5 1192 749
5 841 556
5 319 164
5 428 521
5 1224 558
5 1113 543
5 684 432
5 228 385
5 158 707
5 1195 718
5 846 637
5 262 164
5 482 537
5 1180 541
5 1098 515
5 772 427
5 175 364
5 182 669
5 1328 774
5 786 645
5 275 131
5 337 514
5 1499 617
5 1147 529
5 838 412
5 218 417
5 208 756
5 1302 862
5 774 610
5 241 117
5 312 475
5 1337 718
5 1157 461
5 823 316
5 310 341
5 272 710
5 1278 822
5 606 662
5 162 163
5 401 489
5 1386 702
5 1095 611
5 862 312
5 308 314
5 314 746
5 1179 860
5 641 667
5 135 162
5 461 468
5 1487 761
5 144 1087
5 1163 617
5 914 331
5 228 308
5 363 704
5 1148 809
5 744 655
5 122 152
5 263 459
5 1380 862
5 210 1107
5 1065 674
5 880 360
5 294 299
5 404 688
5 1304 923
5 853 692
5 174 100
5 222 494
5 1307 1001
5 242 1006
5 1172 755
5 728 300
5 327 267
5 433 724
5 1106 870
5 737 677
5 553 125
5 376 463
5 1181 999
5 185 1005
5 1121 720
5 531 295
5 376 286
5 451 755
5 1444 919
5 652 649
5 584 180
5 426 437
5 1136 1006
5 183 960
5 1073 751
5 563 517
5 388 240
5 464 708
5 1444 821
5 525 466
5 563 227
5 447 437
5 1084 941
5 246 950
5 1041 722
5 570 444
5 437 269
5 486 698
5 1383 785
5 938 544
5 611 226
5 464 398
5 1509 1020
5 285 1018
5 1010 744
5 617 530
5 466 267
5 241 754
5 1429 201
5 956 509
5 618 205
5 504 429
5 1097 1103
5 348 985
5 970 752
5 625 465
5 466 222
5 313 676
5 1458 205
5 964 468
5 657 217
5 516 388
5 1262 1056
5 375 1066
5 881 732
5 657 465
5 420 214
5 245 680
5 1430 151
5 974 549
5 689 190
5 530 335
5 1381 1045
5 525 1066
5 833 735
5 702 525
5 365 251
5 112 685
5 1358 138
5 1010 511
5 677 245
5 466 328
5 748 1056
5 501 1003
5 765 734
5 686 459
5 341 183
5 155 642
5 1279 280
5 979 479
5 693 257
5 440 328
5 797 1014
5 390 958
5 1087 597
5 721 457
5 293 201
5 462 652
5 1465 224
5 958 383
5 777 235
5 394 317
5 680 973
5 145 948
5 648 790
5 709 494
5 245 246
5 389 646
5 1399 290
5 905 593
5 843 238
5 366 327
5 618 1118
5 312 945
5 597 921
5 746 489
5 275 226
5 299 647
5 1233 361
5 955 647
5 904 244
5 218 441
5 652 1050
5 462 922
5 550 788
5 776 459
5 243 260
5 177 626
5 1257 418
5 928 587
5 797 275
5 261 422
5 781 1095
5 148 826
5 712 758
5 664 508
5 209 259
5 175 576
5 1317 467
5 1000 601
5 812 141
5 296 407
5 948 1075
5 169 816
5 773 823
5 814 483
5 179 282
5 193 586
5 1392 476
5 1044 638
5 940 163
5 310 393
5 1066 1065
5 192 837
5 758 891
5 855 501
5 171 262
5 223 637
5 1267 490
5 1001 668
5 951 108
5 349 386
5 844 1024
5 196 861
5 714 874
5 911 520
5 153 212
5 219 578
5 1229 491
5 1053 592
5 746 162
5 424 414
5 831 967
5 262 898
5 676 865
5 924 444
5 139 257
5 307 592
5 1202 416
5 661 602
5 621 260
5 321 446
5 307 911
5 840 921
5 868 545
5 484 236
5 427 623
5 1190 497
5 1061 308
5 572 305
5 420 393
5 348 834
5 852 792
5 816 538
5 441 294
5 402 565
5 1491 465
5 1081 201
5 629 293
5 434 368
5 297 826
5 773 888
5 725 535
5 169 312
5 472 585
5 1398 382
5 1025 338
5 577 351
5 499 361
5 395 799
5 962 798
5 611 420
5 310 259
5 385 559
5 1234 530
5 530 395
5 143 427
5 416 895
5 1022 788
5 532 606
5 279 181
5 510 638
5 1334 569
5 1084 368
5 579 402
5 102 390
5 489 875
5 1053 934
5 569 650
5 532 190
5 127 484
5 1321 498
5 1126 364
5 642 405
5 165 390
5 510 795
5 883 938
5 618 579
5 244 285
5 140 510
5 1440 589
5 1105 278
5 659 368
5 104 359
5 390 771
5 1044 876
5 687 604
5 118 182
5 201 524
5 1346 650
5 1146 431
5 681 335
5 138 311
5 108 906
5 1197 653
5 698 563
5 485 162
5 235 556
5 1428 643
5 1079 429
5 735 343
5 117 310
5 429 973
5 1252 690
5 749 552
5 448 179
5 278 532
5 1303 600
5 1021 587
5 724 383
5 203 310
5 473 866
5 1231 774
5 808 598
5 408 166
5 360 536
5 1237 599
5 1118 558
5 653 402
5 217 369
5 137 756
5 1181 735
5 851 564
5 347 171
5 404 513
5 1231 549
5 1127 551
5 670 433
5 230 375
5 152 713
5 1247 741
5 869 635
5 262 171
5 485 517
5 1190 537
5 1111 506
5 787 405
5 186 365
5 183 679
5 1366 747
5 897 606
5 305 139
5 536 490
5 1480 619
5 1139 537
5 861 433
5 213 424
5 205 716
5 1300 847
5 762 606
5 233 139
5 315 484
5 1322 715
5 1161 507
5 801 303
5 294 336
5 270 723
5 1258 822
5 583 661
5 155 163
5 372 499
5 1387 714
5 1105 625
5 860 305
5 300 319
5 327 728
5 1169 869
5 655 667
5 143 122
5 450 466
5 1474 746
5 139 1113
5 1151 595
5 869 331
5 216 311
5 355 717
5 1175 804
5 762 667
5 111 150
5 256 463
5 1380 885
5 189 1117
5 1068 697
5 909 374
5 287 293
5 395 666
5 1301 911
5 866 706
5 182 137
5 224 505
5 1290 1018
5 220 1022
5 1175 702
5 703 322
5 343 277
5 424 727
5 1200 834
5 713 690
5 208 109
5 364 463
5 1199 989
5 170 1019
5 1133 749
5 910 296
5 375 292
5 378 753
5 1489 943
5 680 668
5 582 194
5 418 440
5 1130 1025
5 174 965
5 1058 752
5 562 523
5 386 251
5 486 714
5 1417 825
5 534 536
5 570 232
5 465 432
5 1076 999
5 248 962
5 1054 723
5 560 482
5 431 266
5 420 660
5 1411 800
5 935 562
5 604 247
5 449 400
5 1133 852
5 293 1036
5 1002 753
5 605 523
5 458 265
5 443 785
5 1427 867
5 936 509
5 605 198
5 509 438
5 1088 1107
5 329 971
5 977 769
5 638 461
5 473 232
5 317 681
5 1447 226
5 966 476
5 661 227
5 507 399
5 1250 1060
5 334 1107
5 895 731
5 656 457
5 419 199
5 266 679
5 1432 166
5 1017 555
5 681 183
5 529 344
5 1381 1057
5 528 1092
5 835 752
5 680 501
5 377 256
5 128 672
5 1409 131
5 1016 524
5 666 237
5 489 326
5 756 1072
5 433 1002
5 768 751
5 700 466
5 363 181
5 143 654
5 1181 255
5 973 463
5 713 281
5 436 315
5 827 1010
5 386 966
5 1075 599
5 715 451
5 302 199
5 523 648
5 1467 233
5 1025 406
5 765 243
5 414 325
5 739 964
5 105 974
5 629 779
5 722 499
5 254 255
5 400 656
5 1407 310
5 919 606
5 841 254
5 414 291
5 613 1101
5 276 943
5 592 876
5 742 473
5 267 226
5 298 657
5 1229 372
5 961 665
5 886 241
5 217 448
5 647 1067
5 389 926
5 551 757
5 780 468
5 235 253
5 158 624
5 1272 417
5 929 596
5 870 281
5 270 419
5 608 984
5 129 826
5 713 772
5 674 530
5 206 264
5 163 566
5 1316 450
5 997 589
5 791 206
5 293 414
5 954 1086
5 169 801
5 766 794
5 799 457
5 185 286
5 187 601
5 1394 488
5 1041 604
5 930 158
5 321 388
5 1043 1076
5 220 834
5 779 865
5 843 499
5 162 266
5 222 624
5 1288 488
5 996 679
5 954 124
5 335 379
5 1204 618
5 187 867
5 711 892
5 888 498
5 163 211
5 226 590
5 1221 494
5 978 648
5 718 127
5 412 410
5 818 990
5 231 910
5 649 864
5 907 448
5 122 273
5 342 630
5 1184 427
5 1027 488
5 615 268
5 358 452
5 316 896
5 856 916
5 861 543
5 495 244
5 420 632
5 1194 482
5 1077 304
5 573 297
5 418 364
5 347 852
5 844 811
5 802 538
5 141 220
5 407 577
5 1511 494
5 983 207
5 619 310
5 417 376
5 288 840
5 772 910
5 728 543
5 177 322
5 460 577
5 1400 398
5 1052 328
5 578 362
5 484 371
5 390 817
5 932 793
5 766 375
5 304 244
5 380 570
5 1247 518
5 1034 375
5 139 436
5 420 909
5 1011 788
5 544 631
5 251 170
5 525 628
5 1327 564
5 1071 375
5 588 393
5 107 401
5 489 897
5 1049 949
5 569 638
5 528 209
5 120 494
5 1343 506
5 1114 376
5 618 402
5 168 400
5 494 796
5 880 930
5 628 644
5 258 282
5 148 510
5 1435 578
5 1099 311
5 659 374
5 106 342
5 400 780
5 1022 868
5 654 612
5 127 212
5 184 522
5 1332 634
5 1169 454
5 647 318
5 139 322
5 129 848
5 1182 655
5 674 556
5 464 163
5 252 560
5 1418 652
5 1100 429
5 722 351
5 111 325
5 262 769
5 1249 675
5 758 562
5 439 165
5 273 519
5 1310 610
5 1032 436
5 730 365
5 194 317
5 448 865
5 1258 785
5 806 604
5 415 165
5 351 539
5 1261 609
5 1093 574
5 676 377
5 216 356
5 101 747
5 1153 789
5 847 574
5 427 124
5 398 537
5 1241 560
5 1131 564
5 658 434
5 236 382
5 153 721
5 1235 718
5 862 642
5 275 173
5 461 496
5 1187 544
5 1130 519
5 758 397
5 186 377
5 182 691
5 1351 753
5 903 612
5 300 139
5 532 480
5 1470 629
5 1051 460
5 854 429
5 210 433
5 185 707
5 1297 833
5 749 614
5 240 159
5 309 496
5 1433 543
5 1162 529
5 800 316
5 282 344
5 263 723
5 1242 819
5 581 675
5 174 159
5 366 496
5 1340 692
5 1100 647
5 851 297
5 325 307
5 335 716
5 1168 884
5 660 686
5 133 111
5 439 464
5 1446 724
5 106 1110
5 1156 607
5 858 337
5 146 392
5 375 718
5 1175 837
5 760 677
5 116 157
5 251 467
5 1390 893
5 188 1087
5 1083 634
5 915 386
5 281 298
5 387 674
5 1258 884
5 860 716
5 195 140
5 190 465
5 1313 1014
5 241 1039
5 1170 725
5 718 311
5 339 292
5 426 739
5 1324 828
5 726 702
5 527 129
5 364 481
5 1213 1018
5 152 1015
5 1139 764
5 787 337
5 363 292
5 369 750
5 1382 945
5 680 679
5 577 186
5 418 450
5 1210 939
5 159 965
5 1078 770
5 553 521
5 392 256
5 507 708
5 1406 848
5 489 398
5 572 214
5 467 449
5 1089 1016
5 239 961
5 1050 740
5 542 458
5 435 284
5 416 666
5 1463 786
5 791 557
5 610 243
5 457 404
5 1200 952
5 298 1027
5 997 770
5 590 505
5 508 273
5 519 831
5 1515 750
5 946 512
5 599 194
5 515 442
5 1077 1123
5 326 981
5 962 756
5 632 471
5 464 232
5 325 670
5 1438 220
5 973 484
5 654 233
5 505 408
5 1226 1064
5 317 960
5 903 742
5 656 442
5 447 188
5 274 664
5 1415 168
5 1008 540
5 686 195
5 525 353
5 1427 1124
5 508 1103
5 884 775
5 685 506
5 368 258
5 264 649
5 1396 137
5 982 497
5 677 226
5 498 334
5 733 1070
5 393 1038
5 790 741
5 691 469
5 346 201
5 195 646
5 1168 255
5 1004 476
5 699 273
5 449 316
5 821 1021
5 477 964
5 1011 691
5 711 447
5 303 213
5 536 675
5 1471 239
5 1011 403
5 763 256
5 402 326
5 723 984
5 127 953
5 612 808
5 719 508
5 263 270
5 410 644
5 1381 308
5 928 629
5 835 233
5 407 290
5 601 1056
5 271 921
5 564 865
5 732 472
5 275 235
5 288 661
5 1226 379
5 956 676
5 887 264
5 189 438
5 659 1083
5 358 910
5 539 760
5 798 472
5 228 267
5 154 625
5 1279 415
5 930 602
5 855 284
5 269 446
5 593 1003
5 121 813
5 713 792
5 681 543
5 195 267
5 160 581
5 1303 434
5 991 584
5 795 223
5 302 392
5 932 1100
5 167 782
5 769 808
5 762 428
5 185 260
5 193 606
5 1395 445
5 1041 614
5 930 171
5 320 395
5 1063 1082
5 217 822
5 773 874
5 821 508
5 157 256
5 214 618
5 1282 496
5 1048 689
5 947 124
5 338 388
5 1345 202
5 174 869
5 721 908
5 875 498
5 173 221
5 233 599
5 1238 496
5 972 643
5 674 134
5 401 402
5 841 1001
5 238 898
5 650 886
5 894 440
5 130 270
5 326 635
5 1188 450
5 1053 510
5 610 274
5 349 452
5 305 880
5 573 795
5 835 518
5 274 187
5 411 621
5 1221 340
5 1115 236
5 562 300
5 406 367
5 327 851
5 849 858
5 792 530
5 137 214
5 414 591
5 1464 499
5 989 214
5 630 304
5 421 383
5 279 849
5 792 935
5 736 546
5 188 308
5 459 586
5 1423 357
5 1050 348
5 570 363
5 359 334
5 361 812
5 891 811
5 712 420
5 297 249
5 359 565
5 1235 514
5 1042 382
5 541 400
6 194 655
6 579 1040
6 1487 1115
6 998 829
6 725 607
6 1089 695
6 872 450
6 913 497
6 503 323
6 606 338
6 906 157
6 925 1012
6 362 977
6 883 1011
6 216 645
6 158 1076
6 1028 963
6 1285 756
6 941 668
6 1083 711
6 912 418
6 743 386
6 376 399
6 605 328
6 942 138
6 525 223
6 788 679
6 1188 1056
6 493 604
6 213 987
6 1252 1075
6 1274 769
6 108 794
6 1261 554
6 995 388
6 733 390
6 391 401
6 596 335
6 834 108
6 544 168
6 558 560
6 323 464
6 519 535
6 403 829
6 1258 1087
6 1306 747
6 564 779
6 1067 657
6 999 409
6 715 398
6 332 536
6 684 314
6 1246 336
6 414 118
6 552 563
6 621 330
6 208 514
6 485 723
6 1340 1100
6 1302 763
6 636 857
6 988 619
6 1086 478
6 724 403
6 358 514
6 189 186
6 1050 195
6 772 163
6 704 101
6 450 289
6 307 549
6 409 744
6 1361 1111
6 1282 795
6 495 758
6 1007 641
6 1485 362
6 767 419
6 347 525
6 345 216
6 861 185
6 799 204
6 961 1004
6 441 293
6 389 740
6 657 1022
6 1452 895
6 999 874
6 973 601
6 1422 439
6 770 394
6 375 529
6 158 296
6 880 214
6 792 188
6 969 1051
6 123 774
6 109 706
6 625 1060
6 1153 860
6 707 835
6 599 603
6 1488 404
6 758 414
6 576 447
6 283 267
6 848 219
6 857 166
6 942 1026
6 371 922
